-2, 3,
-3, 7,
-4, 5,
-5, 31,
-7, 127,
-8, 17,
-9, 73,
-10, 11,
-11, 23, 89,
-12, 13,
-13, 8191,
-14, 43,
-15, 151,
-16, 257,
-18, 19,
-20, 41,
-21, 337,
-22, 683,
-23, 47,
-24, 241,
-25, 601, 1801,
-26, 2731,
-28, 29, 113,
-29, 233, 1103, 2089,
-30, 331,
-32, 65537,
-34, 43691,
-35, 71,
-36, 37, 109,
-37, 223,
-39, 79,
-40, 61681,
-41, 13367,
-42, 5419,
-43, 431, 9719,
-44, 397, 2113,
-45, 631, 23311,
-47, 2351, 4513,
-48, 97, 673,
-50, 251, 4051,
-51, 103, 2143, 11119,
-52, 53, 157, 1613,
-53, 6361,
-55, 881, 3191,
-57, 32377,
-58, 59,
-60, 61, 1321,
-64, 641,
-66, 67, 20857,
-68, 137, 953, 26317,
-70, 281,
-72, 433, 38737,
-73, 439,
-74, 1777,
-76, 229, 457,
-79, 2687,
-81, 2593,
-82, 83,
-83, 167,
-84, 1429, 14449,
-87, 4177,
-88, 353,
-91, 911,
-92, 277, 1013, 1657, 30269,
-94, 283,
-95, 191,
-96, 193,
-97, 11447,
-99, 199,
-100, 101, 8101,
-102, 307, 2857, 6529,
-105, 29191,
-106, 107,
-110, 2971,
-112, 5153,
-113, 3391, 23279,
-114, 571,
-115, 14951,
-117, 937, 6553,
-118, 2833, 37171,
-119, 239, 20231,
-121, 727,
-124, 5581, 8681, 49477,
-130, 131,
-131, 263,
-135, 271,
-138, 139,
-144, 577,
-146, 1753,
-148, 149, 593,
-151, 18121, 55871,
-152, 1217,
-153, 919,
-154, 617,
-155, 311, 11471,
-156, 313, 1249, 3121, 21841,
-159, 6679,
-161, 1289,
-162, 163,
-164, 10169,
-166, 499, 1163, 2657,
-168, 3361,
-169, 4057,
-172, 173,
-175, 39551,
-178, 179,
-179, 359, 1433,
-180, 181, 54001,
-181, 43441,
-183, 367, 55633,
-188, 3761,
-190, 2281,
-191, 383,
-194, 971, 1553, 31817,
-196, 197,
-197, 7487,
-198, 5347,
-200, 401,
-201, 1609, 22111,
-204, 409, 3061, 13669,
-210, 211,
-211, 15193,
-214, 643,
-215, 1721,
-217, 5209, 62497,
-219, 3943,
-221, 1327,
-222, 3331, 17539,
-223, 18287,
-224, 449, 2689,
-226, 227, 48817,
-230, 691,
-231, 463,
-232, 59393,
-233, 1399,
-236, 1181, 3541,
-237, 1423, 49297,
-239, 479, 1913, 5737,
-243, 487,
-244, 733, 1709,
-245, 1471,
-246, 739,
-247, 15809,
-251, 503, 54217,
-258, 1033,
-260, 521, 51481,
-262, 1049,
-263, 23671,
-264, 7393,
-266, 4523,
-268, 269,
-270, 811, 15121,
-274, 1097, 15619,
-279, 16183, 34039,
-283, 9623,
-284, 569,
-286, 2003,
-288, 1153, 6337,
-292, 293, 9929,
-295, 4721,
-298, 1193,
-299, 599,
-300, 1201, 63901,
-303, 607,
-304, 27361,
-305, 1831, 2441, 4271,
-308, 8317,
-310, 11161,
-314, 15073,
-316, 317,
-317, 9511,
-318, 6043,
-319, 18503, 64439,
-323, 647, 7753,
-325, 7151,
-328, 13121,
-329, 12503,
-332, 997,
-333, 1999, 10657,
-336, 2017,
-337, 18199,
-340, 1021, 4421,
-346, 347, 4153,
-348, 349, 29581,
-350, 1051,
-354, 13099,
-356, 1069,
-357, 4999,
-359, 719,
-362, 1811,
-363, 8713,
-364, 1093, 4733,
-365, 8761,
-367, 12479,
-370, 1481,
-371, 743, 2969,
-372, 373,
-375, 751,
-377, 5279,
-378, 379,
-380, 761, 54721,
-381, 2287, 15241,
-384, 769,
-385, 55441,
-386, 6563,
-388, 389, 3881, 4657, 5821,
-391, 37537,
-392, 7057,
-395, 12641,
-396, 42373,
-397, 2383, 6353, 50023, 53993,
-400, 1601, 25601,
-402, 2011, 9649,
-403, 45137,
-404, 809,
-407, 3257,
-408, 8161,
-411, 823,
-412, 41201,
-418, 419,
-419, 839,
-420, 421,
-422, 4643,
-426, 5113, 17467,
-428, 857,
-431, 863, 3449,
-436, 5669,
-442, 443,
-443, 887,
-444, 3109,
-445, 2671,
-451, 18041,
-452, 58309,
-460, 461, 5981,
-461, 2767,
-462, 14323,
-463, 11113,
-464, 929, 5569, 8353,
-465, 2791,
-466, 467, 27961,
-468, 7489, 21061,
-472, 1889, 11329,
-475, 4751,
-476, 2381, 9521, 42841,
-480, 23041,
-482, 2411,
-483, 967,
-484, 3389,
-486, 1459,
-487, 4871,
-488, 977,
-490, 491,
-491, 983,
-492, 2953,
-495, 991,
-496, 8929,
-497, 6959,
-499, 20959,
-500, 7001, 28001,
-504, 1009, 21169,
-506, 4049,
-508, 509, 18797, 26417,
-510, 12241,
-513, 57457,
-515, 1031,
-516, 17029, 46957,
-519, 1039,
-520, 42641,
-522, 523,
-525, 4201, 7351,
-526, 1579,
-531, 1063,
-532, 1597, 2129,
-534, 3739, 4273,
-535, 12841,
-537, 4297, 16111,
-540, 541, 30241, 49681,
-542, 1627,
-543, 1087,
-544, 5441,
-545, 3271,
-546, 547,
-547, 5471,
-549, 38431,
-551, 4409, 14327, 27551,
-555, 27751,
-556, 557,
-557, 3343,
-558, 26227,
-560, 4481,
-562, 563,
-564, 1129, 5641,
-566, 1699, 62827,
-568, 2273,
-571, 5711, 27409,
-572, 25741,
-574, 1723,
-575, 1151,
-576, 3457,
-577, 3463,
-580, 17401,
-582, 25609,
-586, 587, 26371, 33403,
-594, 23761,
-595, 34511,
-596, 1789,
-598, 2393,
-601, 3607,
-605, 3631,
-611, 1223,
-612, 613,
-615, 1231, 49201,
-616, 13553,
-617, 59233,
-618, 619, 2473, 15451,
-620, 37201,
-622, 64067,
-624, 4993,
-627, 11287,
-635, 5081,
-636, 10177,
-637, 3823, 15289,
-639, 1279,
-641, 35897, 49999,
-644, 1933, 3221,
-645, 46441,
-648, 1297, 3889,
-650, 3251,
-651, 1303,
-652, 653, 9781,
-658, 659,
-659, 1319,
-660, 661, 3301, 8581,
-662, 5297,
-663, 47737,
-664, 11953,
-667, 12007,
-674, 21569,
-676, 677,
-679, 6791, 59753,
-680, 1361,
-683, 1367,
-684, 25309,
-687, 6871,
-688, 4129,
-697, 16729,
-700, 701,
-704, 1409,
-708, 709, 12037, 31153,
-711, 5689,
-717, 40153,
-719, 1439,
-723, 1447,
-724, 9413,
-726, 2179,
-734, 2203, 19819,
-735, 41161,
-737, 4423,
-738, 18451,
-743, 1487,
-744, 1489, 29761,
-746, 60427,
-748, 5237,
-749, 46439,
-750, 2251,
-753, 4519, 12049,
-755, 1511,
-756, 757,
-761, 4567, 6089,
-762, 3049,
-764, 3821,
-765, 16831,
-767, 38351,
-771, 1543,
-772, 773, 3089,
-777, 4663,
-779, 1559,
-780, 2341,
-782, 2347,
-783, 1567,
-784, 3137, 50177,
-786, 787,
-788, 4729, 52009,
-790, 5531,
-791, 1583,
-793, 4759, 31721,
-794, 13499,
-796, 797,
-798, 63841,
-803, 1607,
-804, 3217, 10453,
-806, 6449, 18539,
-810, 6481, 9721,
-813, 24391,
-814, 15467,
-820, 821,
-826, 827,
-828, 829, 3313, 18217,
-831, 1663,
-836, 6689,
-838, 5867,
-839, 26849,
-842, 4211,
-848, 1697,
-849, 18679,
-852, 853,
-857, 6857,
-858, 859,
-861, 5167,
-868, 31249,
-871, 15679,
-874, 7867,
-876, 877,
-877, 35081,
-879, 1759,
-880, 47521,
-881, 26431,
-882, 883, 3529, 22051,
-883, 8831, 63577,
-886, 48731,
-890, 7121,
-891, 1783,
-892, 11597,
-895, 21481,
-902, 20747,
-904, 9041,
-906, 907,
-908, 5449,
-911, 1823,
-916, 2749,
-917, 5503,
-918, 3673,
-923, 1847,
-927, 46351,
-929, 13007,
-930, 26041,
-931, 14897,
-932, 30757,
-933, 37321,
-935, 1871,
-936, 1873,
-937, 28111,
-939, 1879,
-940, 941,
-941, 7529,
-943, 9431, 39607,
-946, 947,
-949, 22777,
-955, 17191,
-958, 3833, 38321,
-959, 23017,
-960, 26881,
-967, 23209,
-972, 2917, 4861,
-975, 1951,
-986, 4931,
-989, 31649,
-992, 5953,
-993, 23833, 55609,
-996, 1993,
-999, 7993,
-1000, 4001,
-1001, 6007,
-1004, 5021,
-1008, 34273,
-1010, 8081,
-1012, 25301,
-1013, 6079,
-1017, 54919,
-1018, 1019,
-1019, 2039,
-1020, 51001,
-1021, 40841,
-1025, 6151,
-1031, 2063,
-1036, 6217,
-1040, 2081,
-1043, 2087,
-1044, 7309,
-1045, 6271,
-1049, 33569,
-1054, 3163, 4217,
-1055, 2111,
-1058, 17987,
-1060, 1061, 3181, 51941,
-1068, 2137,
-1071, 10711,
-1072, 4289,
-1074, 13963,
-1076, 2153, 3229, 5381, 8609,
-1080, 2161, 21601,
-1086, 3259,
-1088, 15233,
-1090, 1091,
-1093, 43721,
-1100, 12101, 35201,
-1103, 2207,
-1108, 1109,
-1112, 6673,
-1113, 15583, 51199,
-1114, 4457,
-1116, 1117,
-1117, 53617,
-1119, 2239, 20143,
-1121, 8969,
-1122, 1123,
-1124, 3373,
-1129, 33871,
-1130, 19211,
-1138, 10243,
-1142, 9137,
-1148, 2297, 10333, 16073,
-1150, 21851,
-1155, 2311,
-1158, 60217,
-1160, 6961, 9281,
-1161, 6967,
-1162, 18593,
-1166, 17491,
-1170, 1171, 65521,
-1172, 5861, 12893,
-1179, 28297,
-1183, 28393,
-1186, 1187,
-1188, 2377, 22573,
-1196, 20333,
-1199, 2399,
-1200, 4801, 55201,
-1201, 57649,
-1203, 19249,
-1204, 4817, 18061,
-1208, 2417,
-1211, 2423,
-1212, 1213,
-1216, 14593,
-1220, 7321, 42701,
-1221, 9769,
-1223, 2447, 31799,
-1228, 1229, 7369,
-1229, 36871, 46703,
-1232, 29569,
-1234, 4937,
-1236, 1237,
-1242, 31051,
-1244, 6221, 21149,
-1246, 59809,
-1251, 2503,
-1252, 42569,
-1256, 7537,
-1258, 1259,
-1260, 2521,
-1261, 50441,
-1271, 2543,
-1272, 12721,
-1273, 7639,
-1275, 2551,
-1276, 1277,
-1282, 1283, 32051,
-1284, 57781,
-1290, 1291,
-1292, 10337,
-1295, 2591,
-1296, 10369,
-1300, 1301,
-1304, 2609, 10433,
-1306, 1307,
-1308, 2617, 5233, 9157,
-1311, 23599,
-1312, 7873,
-1314, 6571,
-1316, 2633, 6581,
-1317, 18439,
-1321, 7927,
-1323, 2647,
-1331, 2663,
-1333, 29327,
-1342, 4027, 48313,
-1348, 5393, 32353,
-1349, 40471,
-1353, 40591,
-1355, 2711,
-1356, 2713,
-1357, 21713,
-1359, 2719,
-1361, 8167,
-1363, 32713,
-1364, 2729,
-1367, 10937,
-1372, 1373,
-1375, 13751,
-1376, 2753,
-1380, 1381,
-1381, 8287,
-1388, 2777,
-1396, 8377,
-1397, 11177,
-1400, 2801,
-1404, 9829,
-1407, 11257, 14071,
-1410, 29611,
-1426, 1427,
-1428, 12853, 45697,
-1431, 25759,
-1433, 20063,
-1438, 34513,
-1439, 2879, 46049,
-1440, 37441,
-1443, 2887, 14431,
-1444, 47653,
-1446, 4339,
-1447, 57881,
-1448, 2897,
-1450, 1451,
-1451, 2903,
-1452, 1453, 11617,
-1453, 8719,
-1454, 11633,
-1457, 11657, 20399,
-1459, 14591,
-1460, 16061, 20441,
-1463, 2927,
-1467, 26407,
-1469, 44071,
-1470, 5881,
-1473, 58921,
-1475, 11801,
-1477, 8863, 35449,
-1482, 1483, 19267,
-1486, 22291,
-1491, 47713,
-1492, 1493,
-1498, 1499,
-1499, 2999,
-1500, 3001,
-1505, 12041,
-1509, 12073,
-1510, 54361,
-1511, 3023,
-1513, 60521,
-1516, 4549,
-1518, 10627,
-1520, 3041,
-1522, 1523,
-1530, 1531, 6121,
-1532, 4597, 13789,
-1533, 36793,
-1534, 10739, 42953,
-1538, 36913,
-1539, 3079,
-1548, 1549,
-1550, 4651,
-1551, 12409,
-1555, 15551,
-1556, 17117, 51349,
-1557, 12457,
-1559, 3119,
-1570, 1571, 25121,
-1572, 12577, 14149, 33013, 39301,
-1573, 9439,
-1577, 9463,
-1583, 3167,
-1584, 3169,
-1585, 34871,
-1586, 50753,
-1588, 11117, 14293, 25409,
-1593, 22303,
-1596, 25537,
-1604, 3209,
-1605, 9631,
-1606, 11243,
-1607, 28927,
-1612, 25793,
-1614, 11299,
-1618, 1619, 14563, 19417,
-1620, 1621,
-1628, 24421,
-1630, 6521, 11411,
-1631, 13049,
-1636, 1637, 4909, 9817,
-1638, 11467,
-1642, 6569,
-1648, 19777,
-1659, 3319, 29863,
-1663, 16631,
-1664, 3329,
-1666, 1667,
-1667, 13337,
-1668, 1669, 10009,
-1673, 10039,
-1676, 53633, 63689,
-1677, 13417,
-1679, 3359,
-1680, 13441,
-1687, 16871,
-1689, 50671,
-1690, 6761,
-1692, 1693, 8461,
-1693, 10159,
-1698, 6793,
-1700, 5101, 8501,
-1703, 3407,
-1704, 13633,
-1710, 6841,
-1716, 3433,
-1717, 10303,
-1723, 17231,
-1729, 38039,
-1732, 1733, 5197, 31177,
-1738, 15643, 27809,
-1740, 1741,
-1746, 1747, 22699,
-1752, 45553, 52561,
-1754, 29819,
-1755, 3511,
-1757, 52711,
-1758, 42193,
-1762, 22907, 58147,
-1763, 3527, 56417,
-1766, 21193,
-1768, 17681,
-1773, 56737,
-1774, 5323,
-1777, 10663,
-1779, 3559, 17791,
-1782, 7129,
-1786, 1787,
-1789, 39359,
-1790, 14321,
-1791, 3583, 28657,
-1792, 10753,
-1794, 21529,
-1796, 3593,
-1798, 21577,
-1801, 28817,
-1804, 5413,
-1808, 3617, 65089,
-1811, 3623,
-1812, 5437, 23557,
-1817, 10903, 14537,
-1818, 9091,
-1824, 32833,
-1825, 40151,
-1829, 14633,
-1835, 3671,
-1836, 27541,
-1840, 18401,
-1844, 14753,
-1847, 33247,
-1848, 3697,
-1859, 3719,
-1860, 1861,
-1863, 3727,
-1865, 26111,
-1866, 1867,
-1870, 7481, 22441,
-1871, 14969,
-1875, 33751,
-1876, 1877,
-1877, 15017,
-1883, 3767,
-1884, 3769, 5653,
-1892, 9461,
-1894, 7577, 13259,
-1896, 3793,
-1900, 1901,
-1903, 19031,
-1906, 1907,
-1908, 28621,
-1909, 57271,
-1920, 49921,
-1923, 3847,
-1925, 11551,
-1930, 1931, 30881,
-1931, 3863, 50207,
-1932, 25117,
-1936, 30977,
-1945, 46681,
-1946, 15569,
-1947, 19471,
-1948, 1949, 7793,
-1954, 7817,
-1955, 3911,
-1956, 23473,
-1958, 39161,
-1959, 3919,
-1960, 7841, 35281,
-1962, 17659,
-1964, 3929,
-1972, 1973,
-1977, 11863,
-1978, 1979, 49451,
-1983, 3967,
-1986, 1987, 25819,
-1988, 33797,
-1993, 11959,
-1996, 1997, 43913,
-1998, 23977,
-2003, 4007,
-2012, 6037, 10061,
-2020, 32321,
-2026, 2027,
-2028, 2029,
-2030, 6091,
-2031, 16249,
-2036, 4073,
-2039, 4079,
-2041, 61231,
-2042, 10211, 18379,
-2044, 6133,
-2045, 16361,
-2052, 2053, 8209, 16417,
-2054, 6163, 16433,
-2055, 4111,
-2057, 12343,
-2058, 8233,
-2060, 18541,
-2063, 4127, 53639,
-2065, 12391,
-2068, 2069, 8273, 49633,
-2076, 41521,
-2079, 4159, 16633,
-2082, 2083,
-2084, 16673,
-2092, 8369,
-2097, 12583,
-2098, 2099,
-2100, 6301,
-2115, 4231,
-2117, 12703,
-2120, 4241,
-2127, 38287,
-2130, 2131,
-2133, 12799,
-2134, 8537,
-2140, 2141, 6421, 21401,
-2142, 6427, 17137,
-2150, 6451, 32251,
-2151, 17209,
-2156, 10781,
-2163, 4327,
-2168, 4337, 13009,
-2172, 23893,
-2177, 13063,
-2181, 34897,
-2184, 26209,
-2185, 34961,
-2187, 39367,
-2195, 4391,
-2196, 13177,
-2202, 28627,
-2208, 26497,
-2210, 44201,
-2211, 39799,
-2212, 2213,
-2213, 53113,
-2216, 13297,
-2217, 17737,
-2220, 2221, 4441, 6661, 31081,
-2223, 4447,
-2231, 4463,
-2233, 13399,
-2235, 17881,
-2236, 2237,
-2242, 2243,
-2244, 56101,
-2250, 9001, 11251,
-2252, 51797,
-2263, 36209,
-2265, 13591,
-2266, 2267,
-2268, 2269,
-2276, 47797,
-2280, 4561,
-2282, 18257,
-2283, 36529,
-2291, 4583,
-2292, 2293,
-2295, 4591,
-2302, 9209,
-2304, 18433,
-2306, 27673,
-2308, 2309,
-2310, 9241, 18481,
-2312, 41617,
-2315, 18521,
-2319, 4639,
-2324, 4649, 39509,
-2327, 18617,
-2332, 2333, 6997,
-2334, 9337,
-2336, 4673,
-2338, 2339, 37409,
-2339, 4679,
-2340, 11701,
-2342, 25763,
-2344, 9377,
-2348, 35221,
-2351, 4703,
-2356, 2357,
-2358, 25939,
-2362, 49603, 59051,
-2364, 21277,
-2368, 9473,
-2370, 2371,
-2378, 28537,
-2380, 14281,
-2385, 33391,
-2388, 2389, 11941,
-2391, 4783,
-2392, 38273,
-2393, 33503,
-2396, 4793,
-2399, 4799,
-2400, 9601, 57601,
-2401, 14407,
-2404, 7213,
-2411, 19289,
-2413, 14479,
-2415, 4831,
-2417, 14503,
-2418, 29017,
-2424, 9697,
-2436, 2437,
-2444, 4889, 7333, 21997,
-2451, 4903,
-2458, 2459,
-2459, 4919,
-2461, 14767,
-2463, 59113,
-2466, 2467,
-2471, 4943,
-2474, 19793,
-2475, 4951,
-2476, 2477,
-2481, 54583,
-2483, 4967,
-2484, 4969,
-2485, 39761,
-2489, 34847,
-2490, 52291,
-2498, 42467,
-2504, 5009,
-2506, 32579,
-2508, 12541,
-2511, 5023, 25111,
-2514, 20113,
-2515, 40241,
-2516, 42773,
-2519, 5039,
-2527, 40433,
-2530, 2531,
-2533, 15199,
-2537, 20297,
-2538, 2539,
-2539, 25391,
-2543, 5087,
-2544, 20353,
-2545, 15271,
-2548, 2549,
-2556, 2557, 25561,
-2559, 5119,
-2562, 23059, 51241,
-2565, 20521,
-2566, 7699,
-2573, 15439,
-2574, 7723,
-2578, 2579, 23203, 30937,
-2580, 7741,
-2582, 28403,
-2586, 43963,
-2587, 46567,
-2593, 15559, 62233,
-2600, 15601,
-2601, 20809,
-2603, 62473,
-2608, 41729,
-2609, 36527,
-2614, 10457,
-2615, 5231, 20921,
-2620, 2621,
-2621, 15727,
-2627, 21017,
-2628, 10513,
-2634, 13171,
-2635, 63241,
-2636, 5273,
-2640, 5281,
-2648, 15889,
-2651, 5303,
-2652, 15913,
-2654, 7963,
-2655, 47791,
-2656, 15937,
-2657, 37199,
-2658, 2659,
-2663, 63913,
-2670, 8011,
-2675, 5351,
-2676, 2677, 13381, 16057,
-2679, 21433,
-2682, 2683,
-2684, 13421,
-2686, 8059, 18803,
-2692, 2693, 26921,
-2698, 2699,
-2699, 5399,
-2703, 5407, 27031,
-2706, 2707,
-2708, 5417,
-2709, 21673,
-2715, 5431,
-2722, 10889,
-2728, 16369, 43649,
-2730, 35491,
-2739, 5479,
-2740, 2741,
-2743, 43889,
-2747, 21977,
-2748, 10993,
-2750, 55001,
-2756, 13781,
-2759, 5519,
-2760, 5521, 16561,
-2763, 5527, 27631,
-2764, 11057,
-2765, 38711,
-2769, 60919,
-2772, 30493,
-2776, 16657,
-2781, 44497,
-2788, 2789,
-2795, 5591,
-2796, 2797, 8389,
-2798, 33577,
-2802, 2803,
-2806, 8419,
-2811, 5623,
-2813, 16879,
-2818, 2819,
-2819, 5639,
-2820, 16921,
-2821, 16927,
-2822, 42331,
-2823, 5647,
-2828, 5657, 33937,
-2830, 11321,
-2835, 28351,
-2836, 2837,
-2837, 22697,
-2840, 17041,
-2842, 2843,
-2850, 2851, 14251,
-2860, 2861,
-2867, 51607,
-2871, 5743,
-2876, 8629,
-2878, 20147,
-2882, 23057,
-2891, 5783,
-2893, 17359,
-2895, 5791,
-2897, 17383,
-2900, 5801,
-2902, 8707,
-2903, 5807,
-2908, 2909,
-2919, 5839,
-2921, 23369,
-2923, 46769,
-2924, 5849,
-2925, 17551,
-2926, 8779, 20483, 43891,
-2928, 5857,
-2938, 2939,
-2939, 5879,
-2944, 11777,
-2948, 5897, 32429, 61909,
-2950, 35401,
-2951, 5903,
-2956, 2957,
-2960, 17761,
-2962, 2963,
-2963, 5927,
-2964, 8893,
-2970, 26731,
-2973, 65407,
-2975, 23801,
-2980, 8941,
-2982, 23857,
-2984, 35809,
-2992, 11969,
-2996, 32957,
-2998, 44971,
-3004, 9013,
-3008, 18049,
-3010, 3011,
-3014, 9043,
-3015, 24121,
-3018, 3019,
-3021, 18127,
-3022, 9067,
-3023, 6047,
-3036, 3037, 6073, 9109,
-3037, 18223,
-3040, 12161,
-3041, 24329,
-3044, 9133,
-3046, 21323,
-3053, 42743,
-3056, 6113,
-3059, 24473,
-3060, 36721,
-3062, 9187,
-3066, 3067,
-3071, 6143,
-3082, 3083, 12329, 27739,
-3088, 37057,
-3091, 55639,
-3092, 9277,
-3094, 12377,
-3097, 18583,
-3099, 6199,
-3108, 15541, 21757,
-3116, 65437,
-3118, 12473,
-3119, 24953,
-3123, 6247,
-3124, 12497,
-3128, 6257,
-3131, 6263,
-3132, 18793,
-3134, 9403,
-3138, 12553,
-3139, 31391,
-3142, 12569,
-3143, 6287,
-3146, 25169,
-3148, 47221,
-3155, 6311,
-3158, 34739,
-3164, 6329,
-3171, 6343,
-3174, 12697,
-3178, 12713,
-3179, 6359,
-3180, 19081,
-3181, 19087,
-3183, 6367,
-3186, 3187,
-3196, 41549, 51137,
-3197, 19183,
-3202, 3203,
-3206, 48091,
-3210, 51361,
-3212, 19273,
-3218, 16091,
-3226, 38713,
-3228, 16141,
-3231, 25849,
-3233, 45263,
-3236, 6473, 25889,
-3237, 45319,
-3239, 25913,
-3240, 32401,
-3241, 19447,
-3242, 29179,
-3246, 9739,
-3252, 3253,
-3260, 45641,
-3262, 9787,
-3270, 9811,
-3272, 26177,
-3275, 6551,
-3280, 19681, 32801,
-3281, 19687, 26249,
-3288, 6577,
-3290, 16451,
-3291, 32911,
-3292, 19753,
-3293, 19759,
-3298, 3299, 29683,
-3299, 6599,
-3303, 6607,
-3304, 13217,
-3306, 3307,
-3308, 36389,
-3310, 9931,
-3319, 33191,
-3320, 26561,
-3322, 3323,
-3324, 9973,
-3325, 53201,
-3327, 59887,
-3329, 26633,
-3332, 16661, 46649,
-3338, 16691,
-3346, 3347,
-3347, 26777,
-3351, 6703,
-3359, 6719,
-3362, 16811,
-3368, 6737,
-3370, 3371,
-3374, 26993,
-3393, 20359,
-3401, 20407,
-3403, 34031,
-3410, 27281,
-3411, 6823,
-3412, 3413,
-3416, 6833,
-3431, 6863,
-3432, 20593,
-3436, 41233,
-3437, 48119,
-3444, 44773,
-3447, 62047,
-3450, 44851,
-3451, 55217,
-3452, 62137,
-3453, 20719,
-3455, 6911,
-3457, 20743,
-3458, 17291,
-3460, 3461, 13841,
-3466, 3467,
-3468, 3469, 38149,
-3473, 48623,
-3476, 10429, 59093,
-3478, 13913,
-3480, 13921,
-3488, 6977,
-3490, 3491,
-3491, 6983,
-3495, 6991,
-3497, 20983,
-3498, 3499,
-3500, 21001, 52501,
-3507, 63127,
-3510, 10531,
-3511, 35111,
-3512, 49169,
-3516, 3517, 17581,
-3519, 7039,
-3527, 63487,
-3530, 31771,
-3532, 3533, 10597,
-3538, 3539,
-3539, 7079,
-3546, 3547,
-3550, 10651,
-3551, 7103,
-3556, 3557,
-3558, 39139,
-3562, 14249,
-3563, 7127,
-3570, 3571,
-3571, 64279,
-3578, 42937,
-3579, 7159,
-3580, 3581,
-3581, 21487,
-3586, 46619,
-3587, 28697,
-3588, 7177,
-3590, 10771,
-3591, 28729,
-3592, 14369,
-3593, 21559,
-3594, 17971,
-3596, 7193,
-3599, 64783,
-3600, 14401,
-3603, 7207,
-3612, 3613,
-3615, 36151,
-3621, 21727,
-3623, 7247,
-3626, 18131,
-3629, 29033,
-3632, 50849,
-3633, 21799,
-3636, 3637,
-3642, 3643,
-3644, 29153,
-3646, 10939, 43753,
-3648, 7297, 43777,
-3650, 29201,
-3651, 29209,
-3652, 10957,
-3658, 3659,
-3664, 43969,
-3665, 21991,
-3668, 18341, 55021,
-3674, 18371, 62459,
-3676, 3677,
-3678, 14713, 55171,
-3684, 14737,
-3686, 11059,
-3688, 22129,
-3689, 51647,
-3690, 3691,
-3700, 3701,
-3705, 59281,
-3706, 48179,
-3708, 3709, 7417,
-3716, 7433, 11149,
-3724, 11173,
-3728, 7457,
-3729, 29833,
-3732, 3733, 14929,
-3738, 18691,
-3767, 30137,
-3771, 60337,
-3773, 22639,
-3778, 3779,
-3779, 7559,
-3780, 7561,
-3787, 37871,
-3790, 45481,
-3791, 7583,
-3793, 60689,
-3794, 34147,
-3795, 7591,
-3796, 3797,
-3801, 22807,
-3802, 3803,
-3803, 7607,
-3804, 15217,
-3820, 57301,
-3822, 42043,
-3824, 7649,
-3828, 15313,
-3830, 11491,
-3836, 7673,
-3837, 30697,
-3840, 7681, 15361,
-3843, 7687,
-3850, 3851,
-3851, 7703,
-3852, 3853,
-3855, 30841,
-3857, 23143,
-3863, 7727,
-3867, 38671,
-3869, 54167,
-3876, 3877, 19381,
-3879, 7759, 31033,
-3884, 19421,
-3892, 38921,
-3905, 23431,
-3906, 3907,
-3910, 11731,
-3911, 7823,
-3916, 3917,
-3922, 3923,
-3930, 3931,
-3933, 62929,
-3939, 7879,
-3940, 15761, 35461,
-3946, 3947,
-3950, 31601,
-3953, 55343,
-3957, 23743, 63313,
-3959, 7919,
-3964, 27749, 47569,
-3966, 27763,
-3967, 63473,
-3968, 7937,
-3970, 15881,
-3971, 31769,
-3974, 11923,
-3975, 7951,
-3978, 35803,
-3981, 23887,
-3988, 3989, 23929,
-3990, 11971,
-4001, 24007,
-4002, 4003,
-4004, 8009, 20021,
-4008, 8017,
-4011, 32089,
-4012, 4013,
-4018, 4019,
-4019, 8039,
-4020, 4021,
-4025, 24151,
-4035, 40351,
-4036, 12109,
-4043, 8087,
-4044, 8089,
-4048, 16193,
-4054, 12163,
-4055, 8111,
-4056, 24337, 48673,
-4060, 36541,
-4062, 32497,
-4066, 52859,
-4070, 44771,
-4076, 61141,
-4082, 20411,
-4088, 49057,
-4090, 4091,
-4092, 4093,
-4098, 4099,
-4105, 24631,
-4109, 57527,
-4115, 8231,
-4124, 32993,
-4131, 8263,
-4132, 4133,
-4138, 4139, 16553,
-4140, 12421, 45541,
-4148, 8297, 24889,
-4150, 12451,
-4155, 8311,
-4156, 4157,
-4162, 16649,
-4164, 8329,
-4172, 12517, 33377,
-4190, 33521,
-4194, 37747,
-4205, 33641,
-4208, 58913,
-4211, 8423,
-4215, 8431, 33721,
-4216, 50593,
-4218, 4219,
-4223, 8447,
-4228, 4229,
-4242, 4243,
-4252, 4253,
-4256, 8513,
-4258, 4259, 17033,
-4260, 4261, 8521, 46861,
-4263, 8527,
-4271, 8543,
-4273, 25639,
-4276, 25657,
-4277, 34217,
-4278, 29947,
-4280, 59921,
-4282, 4283,
-4287, 34297,
-4289, 34313,
-4295, 34361,
-4299, 8599,
-4311, 8623,
-4317, 25903,
-4320, 8641,
-4323, 8647,
-4324, 12973,
-4325, 25951,
-4330, 17321,
-4331, 8663,
-4334, 13003,
-4340, 34721,
-4344, 8689, 17377,
-4348, 4349,
-4353, 60943,
-4354, 17417,
-4355, 34841,
-4356, 4357,
-4360, 26161, 52321,
-4362, 4363,
-4364, 13093,
-4368, 8737,
-4372, 4373,
-4373, 61223,
-4374, 17497,
-4376, 8753,
-4391, 8783,
-4394, 35153,
-4396, 4397, 30773,
-4402, 17609,
-4403, 8807,
-4406, 13219,
-4413, 26479,
-4419, 8839,
-4422, 13267,
-4424, 8849,
-4432, 17729,
-4436, 13309,
-4441, 26647,
-4442, 39979,
-4443, 8887,
-4446, 31123,
-4450, 4451,
-4468, 40213,
-4475, 8951,
-4476, 22381,
-4482, 4483, 17929,
-4485, 62791,
-4492, 4493, 40429,
-4499, 8999,
-4502, 36017,
-4503, 9007,
-4506, 4507,
-4508, 22541,
-4514, 22571,
-4516, 4517,
-4517, 27103,
-4518, 31627,
-4520, 63281,
-4524, 9049,
-4532, 13597,
-4542, 18169,
-4546, 4547,
-4551, 9103,
-4557, 36457,
-4558, 18233,
-4562, 22811,
-4563, 9127,
-4564, 13693,
-4570, 41131,
-4572, 18289,
-4575, 9151, 45751,
-4580, 9161,
-4588, 18353,
-4597, 27583,
-4599, 9199,
-4602, 4603, 23011,
-4604, 36833,
-4610, 41491,
-4616, 27697,
-4619, 9239,
-4620, 4621,
-4628, 9257,
-4633, 27799,
-4636, 4637, 27817,
-4652, 37217,
-4655, 9311,
-4658, 23291,
-4659, 9319,
-4661, 27967,
-4667, 37337,
-4671, 9343,
-4676, 14029, 28057,
-4678, 18713,
-4686, 32803, 37489,
-4690, 4691,
-4694, 14083,
-4695, 9391,
-4697, 28183,
-4713, 28279,
-4716, 9433,
-4722, 4723,
-4732, 14197,
-4739, 9479,
-4741, 28447,
-4748, 9497,
-4766, 57193,
-4775, 9551,
-4780, 19121, 33461,
-4782, 14347,
-4786, 4787,
-4788, 4789,
-4791, 47911,
-4794, 23971,
-4796, 23981,
-4797, 38377,
-4798, 33587,
-4801, 28807,
-4812, 4813, 14437,
-4813, 28879,
-4816, 57793,
-4827, 48271,
-4839, 9679,
-4841, 38729,
-4844, 9689,
-4848, 48481,
-4850, 24251,
-4858, 19433,
-4859, 38873,
-4860, 19441,
-4861, 29167,
-4864, 19457,
-4870, 58441,
-4871, 9743,
-4876, 4877,
-4881, 29287,
-4883, 9767,
-4885, 29311,
-4892, 44029,
-4894, 14683, 19577,
-4895, 9791,
-4899, 48991,
-4900, 44101,
-4902, 53923,
-4903, 49031,
-4910, 14731,
-4916, 9833,
-4919, 9839,
-4921, 29527,
-4922, 24611,
-4924, 34469,
-4926, 14779,
-4928, 9857,
-4932, 4933,
-4933, 29599,
-4935, 9871,
-4943, 9887,
-4954, 44587, 64403,
-4956, 4957,
-4960, 19841,
-4972, 4973,
-4980, 39841,
-4982, 39857,
-4983, 9967,
-4986, 4987,
-4998, 19993,
-5001, 40009,
-5002, 5003,
-5003, 10007,
-5010, 5011,
-5017, 30103,
-5021, 40169,
-5022, 20089,
-5037, 30223,
-5039, 10079,
-5044, 20177,
-5045, 40361,
-5046, 35323,
-5050, 5051,
-5051, 10103,
-5055, 10111,
-5058, 5059,
-5072, 40577,
-5074, 60889,
-5075, 10151,
-5076, 5077,
-5087, 40697,
-5092, 15277, 20369,
-5093, 30559,
-5096, 10193, 30577,
-5098, 5099,
-5102, 15307,
-5106, 5107,
-5107, 51071,
-5108, 61297,
-5110, 35771,
-5111, 10223,
-5115, 51151,
-5120, 61441,
-5123, 10247,
-5135, 10271, 41081,
-5136, 10273,
-5144, 10289,
-5146, 5147,
-5156, 10313,
-5160, 10321, 20641,
-5163, 51631,
-5164, 15493,
-5170, 5171,
-5171, 10343,
-5173, 31039,
-5177, 31063,
-5178, 5179,
-5188, 5189,
-5195, 10391,
-5197, 31183,
-5199, 10399, 51991,
-5218, 20873,
-5220, 41761,
-5224, 20897,
-5226, 5227,
-5231, 10463, 41849,
-5243, 10487,
-5244, 15733,
-5252, 57773,
-5257, 31543,
-5260, 5261,
-5261, 42089,
-5263, 52631,
-5264, 10529,
-5272, 21089,
-5276, 31657,
-5279, 10559,
-5283, 10567,
-5292, 15877,
-5300, 10601, 15901,
-5303, 10607,
-5308, 5309,
-5312, 31873,
-5315, 10631,
-5319, 10639,
-5324, 15973,
-5328, 21313,
-5332, 5333,
-5334, 37339,
-5343, 10687,
-5353, 32119,
-5364, 10729,
-5368, 53681,
-5378, 26891,
-5380, 21521,
-5383, 53831,
-5386, 5387,
-5393, 32359,
-5396, 26981,
-5399, 10799,
-5404, 64849,
-5414, 43313,
-5415, 10831,
-5420, 59621,
-5422, 16267,
-5423, 10847,
-5431, 54311,
-5435, 43481,
-5442, 5443, 27211,
-5447, 43577,
-5470, 16411,
-5474, 43793,
-5476, 5477,
-5482, 5483, 49339,
-5490, 21961,
-5500, 5501,
-5506, 5507,
-5508, 33049,
-5510, 60611,
-5523, 11047,
-5525, 33151,
-5534, 44273,
-5535, 11071,
-5537, 33223,
-5543, 11087,
-5556, 5557,
-5557, 33343,
-5562, 5563,
-5566, 16699,
-5572, 5573,
-5579, 11159,
-5580, 16741,
-5592, 55921,
-5600, 33601,
-5619, 11239,
-5628, 33769,
-5636, 11273,
-5639, 11279,
-5643, 56431,
-5645, 45161,
-5648, 33889,
-5650, 5651,
-5655, 11311,
-5658, 5659,
-5662, 16987,
-5668, 56681,
-5675, 11351,
-5676, 11353,
-5679, 45433,
-5680, 22721,
-5682, 5683,
-5684, 11369,
-5691, 11383,
-5692, 5693,
-5696, 11393,
-5699, 11399,
-5700, 5701,
-5702, 17107,
-5705, 34231,
-5711, 11423,
-5716, 5717,
-5717, 34303, 45737,
-5740, 5741,
-5744, 11489,
-5748, 5749, 11497,
-5751, 11503,
-5753, 34519,
-5756, 34537,
-5759, 11519,
-5763, 11527,
-5764, 17293,
-5778, 5779,
-5780, 17341, 28901,
-5784, 46273,
-5796, 11593,
-5799, 57991,
-5801, 34807,
-5806, 17419,
-5812, 5813,
-5826, 5827,
-5840, 11681,
-5842, 5843,
-5844, 11689,
-5850, 5851,
-5854, 23417,
-5859, 11719,
-5861, 46889,
-5863, 58631,
-5868, 5869,
-5871, 11743,
-5877, 47017,
-5884, 23537,
-5885, 35311,
-5890, 23561,
-5891, 11783, 47129,
-5892, 35353,
-5894, 17683,
-5895, 47161,
-5902, 17707, 23609,
-5903, 11807,
-5908, 23633,
-5915, 11831,
-5916, 11833,
-5919, 11839,
-5920, 35521,
-5922, 5923,
-5928, 35569,
-5936, 35617,
-5937, 47497,
-5938, 5939,
-5943, 11887,
-5948, 11897,
-5951, 11903,
-5956, 59561,
-5957, 47657,
-5963, 11927,
-5968, 23873,
-5972, 47777,
-5985, 47881,
-5986, 5987,
-5998, 23993,
-6004, 60041,
-6010, 6011,
-6018, 30091,
-6028, 6029,
-6035, 12071, 48281,
-6036, 36217,
-6044, 18133,
-6048, 12097,
-6052, 6053,
-6056, 12113,
-6057, 36343,
-6059, 12119,
-6066, 6067,
-6070, 18211, 24281,
-6071, 12143,
-6074, 48593,
-6081, 48649,
-6084, 18253,
-6097, 36583,
-6100, 6101, 18301, 61001,
-6102, 18307,
-6112, 61121,
-6116, 36697,
-6119, 12239, 48953,
-6124, 55117,
-6126, 49009,
-6130, 6131,
-6131, 12263,
-6132, 18397,
-6140, 12281,
-6144, 12289,
-6153, 36919,
-6171, 49369,
-6172, 6173, 18517,
-6173, 37039,
-6174, 18523, 49393,
-6177, 49417,
-6185, 49481,
-6193, 37159,
-6196, 6197,
-6199, 61991,
-6200, 12401,
-6202, 6203,
-6210, 6211, 24841,
-6216, 12433,
-6219, 62191,
-6220, 18661,
-6225, 49801,
-6228, 6229, 37369,
-6237, 37423,
-6241, 37447,
-6242, 56179,
-6243, 12487,
-6244, 24977,
-6255, 12511,
-6258, 25033,
-6263, 12527,
-6264, 25057,
-6265, 37591,
-6268, 6269,
-6276, 6277,
-6277, 37663,
-6290, 50321, 56611,
-6291, 50329,
-6292, 62921,
-6297, 50377,
-6298, 6299,
-6300, 12601,
-6308, 31541,
-6313, 37879,
-6316, 6317,
-6322, 6323,
-6323, 12647,
-6335, 12671,
-6336, 63361,
-6341, 38047,
-6344, 12689,
-6352, 38113,
-6353, 38119,
-6354, 50833,
-6364, 25457,
-6367, 63671,
-6371, 12743,
-6372, 6373,
-6373, 38239,
-6378, 6379,
-6388, 6389, 38329,
-6395, 12791,
-6396, 6397, 31981,
-6404, 12809, 19213,
-6406, 44843,
-6407, 51257,
-6408, 25633,
-6411, 12823,
-6418, 25673,
-6431, 51449,
-6436, 19309,
-6440, 51521,
-6444, 12889,
-6449, 51593,
-6454, 45179,
-6455, 12911,
-6459, 12919,
-6468, 6469,
-6476, 12953, 19429,
-6479, 12959,
-6483, 12967,
-6490, 6491,
-6491, 12983,
-6492, 19477, 25969, 38953,
-6493, 38959,
-6496, 38977,
-6497, 51977,
-6500, 13001,
-6508, 45557,
-6510, 19531,
-6513, 39079,
-6516, 13033, 39097,
-6522, 32611,
-6524, 32621,
-6530, 58771,
-6531, 52249,
-6533, 39199,
-6536, 39217, 52289,
-6540, 39241,
-6546, 6547,
-6551, 13103,
-6563, 13127,
-6566, 19699,
-6574, 26297,
-6575, 13151,
-6579, 13159,
-6584, 52673,
-6591, 13183,
-6614, 19843,
-6618, 6619,
-6620, 13241, 19861,
-6624, 13249,
-6627, 53017,
-6628, 26513,
-6634, 59707,
-6636, 6637,
-6641, 39847, 53129,
-6646, 46523,
-6652, 6653,
-6656, 13313, 39937,
-6658, 6659,
-6663, 13327,
-6670, 20011,
-6682, 60139,
-6690, 6691,
-6700, 6701, 20101,
-6708, 6709,
-6722, 53777,
-6728, 13457,
-6731, 13463, 53849,
-6732, 6733,
-6735, 53881,
-6738, 26953,
-6743, 13487,
-6756, 13513,
-6762, 6763,
-6768, 13537, 27073,
-6773, 40639,
-6778, 6779,
-6780, 6781,
-6782, 20347,
-6783, 13567,
-6788, 13577,
-6796, 20389,
-6800, 54401,
-6802, 6803,
-6810, 61291,
-6817, 40903,
-6821, 40927,
-6824, 13649,
-6826, 6827,
-6828, 6829,
-6832, 27329,
-6839, 13679,
-6840, 13681,
-6841, 41047,
-6843, 13687,
-6848, 13697,
-6854, 20563,
-6855, 13711,
-6860, 13721, 34301,
-6862, 27449,
-6864, 13729, 27457,
-6868, 6869,
-6870, 27481,
-6877, 41263,
-6879, 13759,
-6881, 55049,
-6882, 6883,
-6898, 6899,
-6899, 13799,
-6902, 20707,
-6903, 13807,
-6906, 6907,
-6913, 41479,
-6914, 55313,
-6915, 13831,
-6916, 6917,
-6917, 55337,
-6936, 13873,
-6939, 13879,
-6940, 41641,
-6946, 6947,
-6948, 6949,
-6951, 13903,
-6959, 55673,
-6968, 41809,
-6970, 6971,
-6977, 41863,
-6981, 55849,
-6982, 20947,
-6983, 13967,
-6985, 41911,
-6988, 27953,
-6999, 13999,
-7004, 14009,
-7012, 7013,
-7016, 14033,
-7018, 7019,
-7026, 7027,
-7028, 14057,
-7037, 42223,
-7040, 14081,
-7042, 7043,
-7043, 14087,
-7050, 28201,
-7068, 7069,
-7071, 14143,
-7076, 14153, 35381, 42457,
-7077, 42463,
-7079, 14159, 56633,
-7088, 14177,
-7089, 56713,
-7094, 21283,
-7102, 28409,
-7103, 14207,
-7106, 35531,
-7107, 56857,
-7108, 7109, 28433,
-7112, 56897,
-7116, 42697, 56929,
-7128, 28513,
-7130, 64171,
-7151, 14303,
-7166, 21499,
-7172, 21517,
-7180, 50261,
-7186, 7187,
-7188, 28753,
-7200, 43201,
-7210, 7211,
-7211, 14423, 57689,
-7218, 7219,
-7220, 43321,
-7223, 14447,
-7228, 7229, 65053,
-7233, 43399,
-7236, 7237,
-7242, 7243,
-7244, 14489,
-7252, 7253,
-7259, 14519, 58073,
-7262, 21787,
-7265, 43591,
-7266, 58129,
-7269, 58153,
-7271, 14543,
-7275, 14551,
-7280, 14561,
-7282, 7283,
-7284, 29137,
-7285, 43711,
-7289, 58313,
-7290, 36451,
-7292, 58337,
-7293, 43759,
-7306, 7307,
-7308, 51157,
-7317, 58537,
-7319, 14639,
-7328, 14657,
-7330, 7331,
-7336, 44017,
-7340, 44041,
-7342, 22027,
-7348, 7349,
-7364, 22093,
-7379, 14759,
-7382, 22147,
-7391, 14783,
-7409, 59273,
-7410, 7411,
-7415, 14831,
-7437, 44623,
-7439, 14879,
-7441, 44647,
-7443, 14887,
-7450, 7451,
-7458, 7459,
-7468, 44809,
-7476, 7477,
-7484, 22453,
-7491, 14983,
-7492, 44953,
-7498, 7499,
-7506, 7507,
-7511, 60089,
-7515, 15031,
-7516, 7517,
-7522, 7523, 30089,
-7538, 37691,
-7540, 7541, 30161,
-7546, 7547,
-7548, 7549,
-7550, 22651,
-7556, 45337,
-7562, 37811,
-7568, 15137,
-7572, 7573,
-7573, 45439,
-7575, 60601,
-7580, 15161, 22741,
-7581, 60649,
-7588, 7589,
-7596, 53173,
-7602, 7603,
-7620, 7621,
-7631, 15263,
-7632, 30529,
-7636, 45817,
-7637, 45823,
-7641, 61129,
-7642, 7643,
-7643, 15287,
-7654, 22963,
-7659, 15319,
-7664, 15329,
-7668, 7669,
-7672, 30689,
-7674, 38371,
-7679, 15359,
-7688, 15377,
-7690, 7691,
-7691, 15383,
-7695, 15391,
-7700, 15401,
-7701, 61609,
-7704, 30817,
-7709, 61673,
-7710, 23131,
-7716, 7717,
-7724, 23173,
-7736, 15473,
-7742, 23227,
-7745, 46471,
-7748, 15497,
-7755, 15511,
-7756, 7757, 23269,
-7760, 62081,
-7763, 15527,
-7764, 23293,
-7772, 38861,
-7775, 62201,
-7784, 62273,
-7788, 7789,
-7803, 15607,
-7804, 54629,
-7805, 46831,
-7820, 15641,
-7823, 15647,
-7824, 15649,
-7828, 7829,
-7830, 31321,
-7834, 31337,
-7835, 15671,
-7848, 31393,
-7852, 7853,
-7853, 47119,
-7859, 62873,
-7860, 23581,
-7868, 15737,
-7871, 62969,
-7876, 7877,
-7878, 31513,
-7882, 7883,
-7883, 15767,
-7887, 63097,
-7892, 23677,
-7894, 55259,
-7895, 15791,
-7900, 7901,
-7901, 47407,
-7906, 7907,
-7908, 15817,
-7911, 15823,
-7919, 63353,
-7924, 23773,
-7932, 7933,
-7940, 63521,
-7943, 15887,
-7948, 7949,
-7959, 15919,
-7979, 15959,
-7995, 15991,
-8000, 16001,
-8002, 32009,
-8003, 16007,
-8008, 48049,
-8016, 16033,
-8020, 24061, 48121,
-8030, 24091,
-8031, 16063,
-8043, 16087,
-8044, 24133,
-8048, 16097,
-8051, 16103,
-8052, 8053,
-8058, 32233,
-8060, 24181,
-8063, 16127,
-8068, 8069, 48409,
-8074, 32297,
-8075, 64601,
-8076, 56533,
-8077, 48463,
-8092, 8093,
-8102, 64817,
-8108, 16217,
-8111, 16223,
-8115, 16231,
-8116, 8117, 56813,
-8122, 8123,
-8124, 24373,
-8125, 48751,
-8136, 16273,
-8141, 48847, 65129,
-8146, 8147,
-8154, 40771,
-8156, 24469,
-8159, 16319,
-8170, 8171,
-8172, 24517,
-8178, 8179,
-8190, 24571,
-8218, 8219,
-8220, 8221,
-8223, 16447,
-8236, 8237,
-8240, 16481,
-8242, 8243, 32969,
-8243, 16487,
-8259, 16519,
-8264, 16529,
-8268, 8269, 33073,
-8276, 41381,
-8277, 49663,
-8278, 57947,
-8283, 16567,
-8285, 49711,
-8290, 8291,
-8292, 8293, 24877,
-8303, 16607,
-8321, 49927,
-8324, 41621,
-8351, 16703,
-8353, 50119,
-8362, 8363,
-8377, 50263,
-8379, 16759,
-8381, 50287,
-8386, 8387,
-8390, 25171,
-8393, 50359,
-8397, 50383,
-8404, 33617,
-8411, 16823,
-8412, 42061,
-8420, 25261,
-8425, 50551,
-8428, 8429, 33713, 58997,
-8433, 50599,
-8442, 8443,
-8444, 16889,
-8446, 25339,
-8451, 16903,
-8464, 33857,
-8466, 8467,
-8468, 16937,
-8470, 25411,
-8471, 16943,
-8490, 33961, 42451,
-8496, 16993,
-8505, 51031,
-8523, 17047,
-8532, 34129,
-8538, 8539,
-8540, 25621,
-8562, 8563,
-8572, 8573,
-8579, 17159,
-8583, 17167,
-8591, 17183,
-8596, 8597,
-8603, 17207,
-8612, 51673,
-8614, 34457,
-8619, 17239,
-8626, 8627,
-8628, 17257,
-8645, 51871,
-8660, 25981,
-8663, 17327,
-8668, 8669,
-8675, 17351,
-8676, 8677, 26029,
-8682, 43411,
-8692, 8693, 52153,
-8694, 26083,
-8696, 17393,
-8697, 52183,
-8698, 8699,
-8712, 34849,
-8715, 17431,
-8724, 17449,
-8730, 8731,
-8734, 26203,
-8735, 17471,
-8740, 8741,
-8744, 17489,
-8746, 8747,
-8759, 17519,
-8764, 26293,
-8766, 61363,
-8768, 52609,
-8772, 35089,
-8782, 26347,
-8784, 17569,
-8797, 52783,
-8799, 17599,
-8801, 52807,
-8802, 8803,
-8811, 17623,
-8812, 26437,
-8818, 8819,
-8820, 8821,
-8828, 17657,
-8836, 8837,
-8856, 17713,
-8860, 8861,
-8866, 8867,
-8872, 53233,
-8873, 53239,
-8884, 35537,
-8891, 17783,
-8900, 26701, 53401,
-8903, 17807,
-8917, 53503,
-8919, 17839,
-8922, 8923,
-8928, 53569,
-8931, 17863,
-8932, 8933,
-8950, 35801,
-8951, 17903,
-8955, 17911,
-8960, 17921,
-8962, 8963,
-8964, 26893,
-8970, 8971,
-8979, 17959,
-8988, 17977,
-8994, 35977,
-8998, 35993,
-9010, 9011,
-9020, 54121,
-9023, 18047,
-9024, 36097,
-9028, 9029,
-9034, 36137,
-9036, 27109,
-9044, 18089,
-9048, 18097,
-9058, 9059,
-9059, 18119,
-9061, 54367,
-9071, 18143,
-9076, 63533,
-9092, 27277,
-9094, 27283,
-9095, 18191,
-9112, 54673,
-9113, 54679,
-9142, 27427,
-9155, 18311,
-9156, 18313,
-9164, 18329,
-9172, 9173,
-9180, 9181,
-9183, 18367,
-9202, 9203,
-9210, 46051,
-9214, 36857,
-9220, 9221,
-9225, 55351,
-9226, 9227,
-9228, 18457,
-9230, 27691,
-9233, 55399,
-9244, 64709,
-9262, 37049,
-9268, 64877,
-9276, 18553,
-9282, 9283,
-9286, 65003,
-9290, 46451,
-9292, 9293,
-9294, 27883,
-9318, 37273,
-9322, 9323,
-9328, 37313,
-9332, 27997,
-9335, 18671,
-9340, 9341, 37361,
-9348, 9349,
-9356, 28069,
-9359, 18719,
-9361, 56167,
-9368, 56209,
-9370, 9371,
-9371, 18743,
-9380, 46901,
-9396, 9397,
-9406, 28219,
-9408, 37633,
-9418, 9419,
-9419, 18839,
-9420, 9421,
-9436, 9437,
-9445, 56671,
-9455, 18911,
-9456, 18913,
-9459, 18919,
-9466, 9467,
-9474, 37897,
-9479, 18959,
-9490, 9491,
-9498, 37993,
-9500, 19001, 47501,
-9504, 19009,
-9532, 9533,
-9536, 19073,
-9538, 9539,
-9539, 19079,
-9546, 9547,
-9548, 47741,
-9550, 38201,
-9556, 28669,
-9570, 38281,
-9581, 57487,
-9586, 9587,
-9596, 28789,
-9603, 19207,
-9612, 9613,
-9613, 57679,
-9615, 19231,
-9618, 9619,
-9622, 28867,
-9626, 48131,
-9628, 9629,
-9642, 9643,
-9659, 19319,
-9660, 9661,
-9668, 48341,
-9676, 9677,
-9695, 19391,
-9708, 38833,
-9711, 19423,
-9731, 19463,
-9732, 9733,
-9736, 58417,
-9744, 19489,
-9748, 9749,
-9756, 29269, 48781,
-9771, 19543,
-9776, 19553,
-9778, 39113,
-9779, 19559,
-9782, 29347,
-9791, 19583,
-9802, 9803,
-9804, 19609,
-9805, 58831,
-9808, 39233,
-9837, 59023,
-9848, 19697,
-9850, 9851,
-9852, 39409,
-9858, 9859,
-9863, 19727,
-9873, 59239,
-9875, 19751,
-9876, 29629,
-9880, 39521,
-9882, 9883,
-9900, 9901, 19801,
-9906, 9907,
-9916, 59497,
-9922, 9923,
-9934, 29803,
-9940, 9941,
-9942, 39769,
-9944, 19889,
-9948, 9949,
-9956, 19913,
-9957, 59743,
-9959, 19919,
-9962, 49811,
-9963, 19927,
-9968, 19937,
-9980, 19961,
-9995, 19991,
-10011, 20023,
-10021, 60127,
-10023, 20047,
-10035, 20071,
-10036, 10037,
-10044, 30133, 40177,
-10045, 60271,
-10057, 60343,
-10062, 30187,
-10064, 20129,
-10066, 10067,
-10068, 10069,
-10072, 40289,
-10076, 60457,
-10080, 20161,
-10086, 30259,
-10090, 10091,
-10091, 20183,
-10092, 10093, 50461,
-10098, 10099,
-10100, 20201,
-10105, 60631,
-10113, 60679,
-10116, 20233,
-10117, 60703,
-10124, 20249,
-10132, 10133, 40529,
-10134, 30403,
-10138, 10139,
-10140, 10141,
-10142, 30427,
-10143, 20287,
-10152, 60913,
-10162, 10163,
-10163, 20327,
-10180, 10181,
-10196, 20393,
-10215, 20431,
-10226, 51131,
-10239, 20479,
-10240, 40961,
-10248, 40993,
-10252, 10253,
-10258, 10259,
-10260, 61561,
-10266, 10267,
-10271, 20543,
-10275, 20551,
-10278, 41113,
-10294, 41177,
-10299, 20599,
-10300, 10301,
-10314, 41257,
-10316, 30949,
-10319, 20639,
-10321, 61927,
-10330, 10331,
-10331, 20663,
-10338, 51691,
-10340, 20681,
-10345, 62071,
-10353, 62119,
-10356, 10357,
-10357, 62143,
-10376, 20753,
-10379, 20759,
-10396, 31189,
-10397, 62383,
-10403, 20807,
-10406, 31219,
-10412, 31237,
-10420, 41681,
-10424, 20849,
-10426, 10427,
-10436, 52181, 62617,
-10439, 20879,
-10443, 20887,
-10444, 31333, 41777,
-10451, 20903,
-10457, 62743,
-10458, 10459,
-10464, 20929,
-10476, 10477,
-10492, 31477, 41969,
-10497, 62983,
-10498, 10499,
-10500, 10501,
-10511, 21023,
-10515, 21031,
-10524, 31573,
-10552, 42209,
-10560, 21121,
-10570, 42281,
-10571, 21143,
-10574, 31723,
-10580, 31741, 52901,
-10588, 10589,
-10595, 21191,
-10608, 42433, 63649,
-10610, 53051,
-10612, 10613,
-10618, 42473,
-10623, 21247,
-10637, 63823,
-10659, 21319,
-10666, 10667,
-10672, 64033,
-10684, 42737,
-10688, 21377,
-10690, 10691,
-10691, 21383,
-10692, 64153,
-10695, 21391,
-10698, 42793,
-10703, 21407,
-10708, 10709,
-10722, 10723,
-10724, 32173,
-10732, 10733,
-10733, 64399,
-10740, 42961,
-10746, 53731,
-10751, 21503,
-10762, 43049,
-10766, 32299,
-10768, 64609,
-10788, 10789,
-10799, 21599,
-10804, 32413,
-10808, 21617,
-10818, 54091,
-10820, 54101, 64921,
-10821, 64927,
-10823, 21647,
-10824, 21649,
-10836, 10837,
-10852, 10853,
-10853, 65119,
-10858, 10859,
-10860, 10861,
-10866, 10867,
-10868, 21737,
-10874, 54371,
-10875, 21751,
-10882, 10883,
-10883, 21767,
-10890, 10891,
-10902, 32707, 43609,
-10908, 10909, 21817,
-10913, 65479,
-10916, 54581, 65497,
-10919, 21839,
-10926, 32779,
-10931, 21863,
-10935, 21871,
-10940, 21881,
-10948, 10949,
-10955, 21911,
-10956, 32869,
-10964, 21929,
-10968, 21937,
-10970, 54851,
-10971, 21943,
-10972, 10973,
-10978, 10979,
-10986, 10987,
-10990, 32971,
-11002, 11003,
-11015, 22031,
-11019, 22039,
-11022, 44089,
-11026, 11027,
-11030, 33091,
-11031, 22063,
-11032, 44129,
-11036, 22073,
-11039, 22079,
-11060, 33181,
-11064, 44257,
-11068, 11069,
-11076, 22153, 55381,
-11079, 22159,
-11082, 11083,
-11092, 11093,
-11096, 22193,
-11104, 44417,
-11110, 33331,
-11112, 44449,
-11123, 22247,
-11130, 11131,
-11135, 22271,
-11136, 22273,
-11139, 22279,
-11158, 44633,
-11170, 11171,
-11171, 22343,
-11183, 22367,
-11184, 22369,
-11186, 55931,
-11194, 44777,
-11195, 22391,
-11196, 11197,
-11204, 22409, 33613,
-11212, 11213,
-11216, 22433,
-11223, 22447,
-11240, 22481,
-11255, 22511,
-11260, 11261,
-11270, 33811,
-11271, 22543,
-11283, 22567,
-11300, 56501,
-11316, 11317,
-11320, 45281,
-11322, 45289,
-11332, 45329,
-11339, 22679,
-11363, 22727,
-11375, 22751,
-11384, 22769,
-11391, 22783,
-11408, 22817,
-11435, 22871,
-11436, 11437,
-11442, 11443,
-11460, 22921, 34381,
-11468, 22937,
-11471, 22943,
-11480, 22961,
-11482, 11483,
-11496, 22993,
-11500, 34501,
-11514, 57571,
-11518, 46073,
-11519, 23039,
-11531, 23063,
-11535, 23071,
-11540, 23081,
-11543, 23087,
-11548, 11549,
-11564, 34693,
-11578, 11579,
-11579, 23159,
-11583, 23167,
-11586, 11587,
-11600, 23201,
-11612, 58061,
-11620, 11621,
-11648, 23297,
-11650, 46601,
-11660, 23321,
-11663, 23327,
-11676, 11677,
-11686, 35059,
-11690, 58451,
-11698, 11699,
-11699, 23399,
-11704, 46817,
-11716, 11717,
-11723, 23447,
-11748, 23497, 46993,
-11750, 35251,
-11764, 47057,
-11772, 35317,
-11778, 11779,
-11783, 23567,
-11788, 11789,
-11796, 23593,
-11811, 23623,
-11812, 11813, 35437,
-11820, 11821,
-11824, 47297,
-11826, 11827,
-11828, 59141,
-11831, 23663,
-11843, 23687,
-11844, 23689,
-11859, 23719,
-11866, 11867,
-11876, 23753,
-11878, 47513,
-11883, 23767,
-11902, 47609,
-11908, 11909,
-11915, 23831,
-11932, 11933,
-11938, 11939,
-11939, 23879,
-11955, 23911,
-11956, 35869,
-11980, 11981,
-11986, 11987,
-12000, 24001,
-12004, 48017,
-12010, 12011,
-12011, 24023,
-12020, 60101,
-12022, 36067,
-12024, 24049,
-12035, 24071,
-12042, 12043,
-12048, 24097,
-12050, 60251,
-12051, 24103,
-12056, 24113,
-12062, 36187,
-12066, 60331,
-12068, 24137,
-12084, 24169, 48337,
-12106, 12107,
-12111, 24223,
-12119, 24239,
-12123, 24247,
-12124, 48497,
-12148, 12149,
-12156, 12157,
-12179, 24359,
-12196, 12197,
-12202, 12203,
-12203, 24407,
-12210, 12211, 61051,
-12212, 36637,
-12214, 36643,
-12219, 24439,
-12222, 48889,
-12226, 12227,
-12240, 24481,
-12250, 12251,
-12252, 12253,
-12263, 24527,
-12268, 12269,
-12275, 24551,
-12276, 12277, 61381,
-12280, 49121,
-12296, 24593,
-12298, 49193,
-12300, 12301,
-12311, 24623,
-12322, 12323,
-12326, 36979,
-12335, 24671,
-12340, 37021,
-12346, 12347,
-12348, 24697,
-12352, 49409,
-12372, 12373,
-12374, 37123,
-12378, 12379,
-12383, 24767,
-12396, 24793,
-12399, 24799,
-12404, 24809,
-12412, 12413,
-12423, 24847,
-12436, 12437, 37309,
-12452, 37357,
-12454, 37363,
-12459, 24919,
-12471, 24943,
-12483, 24967,
-12490, 12491,
-12502, 37507,
-12515, 25031,
-12524, 37573,
-12536, 25073,
-12538, 12539, 50153,
-12543, 25087,
-12546, 12547, 62731,
-12548, 25097,
-12563, 25127,
-12566, 37699,
-12572, 37717, 62861,
-12576, 25153,
-12588, 12589,
-12591, 25183,
-12604, 50417,
-12610, 12611,
-12612, 12613,
-12618, 12619,
-12623, 25247,
-12624, 50497,
-12636, 12637,
-12642, 63211,
-12651, 25303,
-12652, 12653,
-12658, 12659,
-12660, 25321,
-12662, 37987,
-12671, 25343,
-12683, 25367,
-12684, 38053,
-12694, 38083,
-12711, 25423,
-12714, 50857,
-12719, 25439,
-12723, 25447,
-12731, 25463,
-12735, 25471,
-12738, 12739,
-12748, 50993,
-12756, 12757,
-12762, 12763,
-12780, 12781,
-12788, 25577,
-12791, 25583,
-12804, 51217,
-12820, 12821, 38461,
-12828, 12829,
-12832, 51329,
-12839, 25679,
-12851, 25703,
-12870, 38611,
-12892, 38677,
-12898, 12899,
-12899, 25799,
-12900, 25801,
-12906, 12907,
-12916, 12917,
-12920, 25841,
-12922, 12923,
-12923, 25847,
-12924, 64621,
-12934, 38803,
-12936, 25873,
-12940, 12941,
-12942, 51769,
-12950, 38851,
-12959, 25919,
-12971, 25943,
-12972, 38917,
-12978, 12979, 51913,
-12999, 25999,
-13008, 26017,
-13014, 52057,
-13020, 52081,
-13036, 13037,
-13042, 13043,
-13044, 39133,
-13050, 52201,
-13052, 39157,
-13056, 26113,
-13059, 26119,
-13060, 39181,
-13076, 26153, 65381,
-13091, 26183,
-13108, 13109,
-13122, 52489,
-13124, 39373,
-13131, 26263,
-13138, 52553,
-13146, 13147,
-13160, 26321,
-13162, 13163,
-13174, 52697,
-13180, 52721,
-13186, 13187,
-13192, 52769,
-13196, 26393,
-13199, 26399,
-13211, 26423,
-13222, 39667,
-13224, 26449,
-13228, 13229,
-13234, 52937,
-13236, 39709,
-13244, 26489,
-13276, 39829,
-13290, 13291,
-13294, 39883,
-13295, 26591,
-13320, 26641,
-13330, 13331,
-13338, 13339,
-13340, 26681,
-13343, 26687,
-13355, 26711,
-13356, 26713,
-13364, 26729,
-13366, 40099,
-13368, 26737,
-13379, 26759,
-13391, 26783,
-13396, 13397,
-13400, 26801,
-13410, 13411,
-13412, 40237,
-13414, 53657,
-13416, 26833,
-13419, 26839,
-13431, 26863,
-13439, 26879,
-13450, 13451,
-13451, 26903,
-13452, 40357,
-13463, 26927,
-13468, 13469,
-13474, 53897,
-13475, 26951,
-13476, 13477,
-13479, 26959,
-13508, 27017,
-13512, 54049,
-13522, 13523,
-13563, 27127,
-13571, 27143,
-13595, 27191,
-13602, 54409,
-13606, 40819,
-13612, 13613, 54449,
-13618, 13619,
-13619, 27239,
-13620, 27241,
-13624, 54497,
-13626, 13627,
-13635, 27271,
-13644, 54577,
-13668, 27337,
-13678, 54713,
-13683, 27367,
-13690, 13691,
-13703, 27407,
-13708, 13709, 54833,
-13715, 27431,
-13720, 54881,
-13722, 13723,
-13726, 41179,
-13734, 41203,
-13739, 27479,
-13743, 27487,
-13756, 13757,
-13762, 13763,
-13763, 27527,
-13764, 27529,
-13796, 41389,
-13804, 41413,
-13808, 27617,
-13822, 41467,
-13823, 27647,
-13828, 13829,
-13844, 27689,
-13846, 41539,
-13858, 13859,
-13868, 27737,
-13871, 27743,
-13876, 13877,
-13882, 13883, 55529,
-13883, 27767,
-13886, 41659,
-13895, 27791,
-13896, 27793,
-13900, 13901,
-13906, 13907,
-13911, 27823,
-13920, 55681,
-13923, 27847,
-13930, 13931,
-13932, 13933,
-13950, 41851,
-13959, 27919,
-13971, 27943,
-13972, 55889,
-13982, 41947,
-13991, 27983,
-13996, 13997,
-14004, 42013,
-14010, 14011,
-14015, 28031,
-14028, 56113,
-14040, 28081,
-14043, 28087,
-14048, 28097,
-14050, 14051,
-14060, 42181,
-14062, 42187, 56249,
-14075, 28151,
-14102, 42307,
-14106, 14107,
-14122, 56489,
-14144, 28289,
-14159, 28319,
-14172, 14173,
-14219, 28439,
-14220, 14221,
-14222, 42667,
-14231, 28463,
-14236, 42709,
-14242, 14243,
-14260, 57041,
-14262, 42787,
-14268, 57073,
-14279, 28559,
-14286, 42859,
-14295, 28591,
-14300, 42901,
-14303, 28607,
-14315, 28631,
-14324, 28649,
-14326, 42979,
-14331, 28663,
-14332, 57329,
-14334, 43003,
-14340, 14341,
-14343, 28687,
-14351, 28703,
-14355, 28711,
-14364, 43093,
-14375, 28751,
-14379, 28759,
-14382, 57529,
-14386, 14387,
-14388, 14389,
-14396, 28793,
-14398, 57593,
-14410, 14411, 57641,
-14418, 14419,
-14424, 57697,
-14430, 43291,
-14435, 28871,
-14460, 14461, 28921,
-14480, 28961,
-14504, 29009,
-14511, 29023,
-14512, 58049,
-14514, 58057,
-14531, 29063,
-14532, 14533,
-14548, 14549,
-14556, 14557,
-14564, 29129,
-14572, 43717,
-14592, 58369,
-14596, 43789,
-14598, 58393,
-14603, 29207,
-14615, 29231,
-14620, 14621,
-14622, 43867,
-14626, 14627,
-14628, 14629,
-14648, 29297,
-14651, 29303,
-14652, 14653,
-14664, 58657,
-14668, 14669,
-14691, 29383,
-14698, 14699,
-14699, 29399,
-14700, 29401,
-14711, 29423,
-14716, 14717,
-14722, 14723, 58889,
-14724, 58897,
-14734, 44203,
-14736, 29473,
-14740, 14741,
-14746, 14747,
-14768, 29537,
-14770, 14771,
-14783, 29567,
-14796, 14797,
-14812, 14813,
-14816, 29633,
-14820, 14821, 29641,
-14826, 14827,
-14830, 44491,
-14831, 29663,
-14835, 29671,
-14842, 14843,
-14850, 14851,
-14854, 44563,
-14866, 14867,
-14868, 14869, 59473,
-14876, 29753,
-14879, 29759,
-14890, 14891,
-14922, 14923,
-14936, 29873,
-14938, 14939,
-14939, 29879,
-14940, 29881,
-14946, 14947,
-14956, 14957,
-14960, 29921,
-14963, 29927,
-14964, 44893,
-14972, 44917,
-14979, 29959,
-14991, 29983,
-15012, 15013,
-15023, 30047,
-15035, 30071,
-15048, 30097,
-15052, 15053,
-15056, 30113,
-15059, 30119,
-15060, 15061,
-15064, 60257,
-15076, 15077,
-15082, 15083,
-15084, 30169,
-15086, 45259,
-15088, 60353,
-15090, 15091,
-15100, 15101,
-15106, 15107,
-15112, 60449,
-15130, 15131,
-15134, 45403,
-15135, 30271,
-15138, 15139,
-15142, 45427,
-15148, 15149,
-15156, 30313,
-15159, 30319,
-15172, 15173,
-15183, 30367,
-15186, 15187,
-15195, 30391,
-15215, 30431,
-15224, 30449,
-15226, 15227,
-15230, 45691,
-15238, 60953,
-15248, 30497,
-15254, 45763,
-15258, 15259,
-15268, 15269,
-15276, 30553,
-15284, 45853,
-15296, 30593,
-15298, 15299,
-15315, 30631,
-15324, 30649,
-15330, 15331,
-15335, 30671,
-15348, 15349,
-15351, 30703,
-15356, 30713,
-15363, 30727,
-15372, 15373,
-15380, 46141,
-15388, 61553,
-15390, 46171,
-15404, 30809,
-15406, 46219,
-15412, 15413,
-15414, 61657,
-15419, 30839,
-15426, 15427,
-15432, 61729,
-15435, 30871,
-15442, 15443,
-15455, 30911,
-15460, 15461, 46381,
-15470, 46411,
-15491, 30983,
-15514, 62057,
-15532, 62129,
-15539, 31079,
-15560, 31121,
-15575, 31151,
-15579, 31159,
-15580, 15581,
-15596, 31193,
-15604, 62417,
-15611, 31223,
-15615, 31231,
-15623, 31247,
-15628, 15629,
-15635, 31271,
-15659, 31319,
-15660, 15661,
-15663, 31327,
-15666, 15667,
-15682, 15683,
-15690, 62761,
-15700, 62801,
-15730, 15731,
-15738, 15739,
-15740, 31481,
-15744, 31489,
-15748, 15749,
-15750, 47251,
-15755, 31511,
-15756, 47269,
-15764, 47293,
-15772, 15773, 47317,
-15783, 31567,
-15786, 15787,
-15791, 31583,
-15796, 15797,
-15802, 15803,
-15803, 31607,
-15831, 31663,
-15843, 31687,
-15852, 63409,
-15858, 15859,
-15863, 31727,
-15864, 31729,
-15875, 31751,
-15876, 47629,
-15896, 31793,
-15900, 63601,
-15906, 15907,
-15922, 15923,
-15923, 31847,
-15924, 31849,
-15926, 47779,
-15934, 63737,
-15970, 15971,
-15972, 47917,
-15995, 31991,
-16028, 32057,
-16031, 32063,
-16052, 48157,
-16054, 48163,
-16066, 16067,
-16068, 16069,
-16071, 32143,
-16079, 32159,
-16091, 32183,
-16095, 32191,
-16108, 64433,
-16122, 64489,
-16128, 32257,
-16132, 48397,
-16138, 16139,
-16151, 32303,
-16163, 32327,
-16174, 48523,
-16184, 32369,
-16186, 16187,
-16188, 16189,
-16196, 48589,
-16211, 32423,
-16220, 32441,
-16228, 16229,
-16239, 32479,
-16251, 32503,
-16252, 16253,
-16258, 65033,
-16268, 32537,
-16280, 32561,
-16284, 32569,
-16300, 16301,
-16304, 32609,
-16314, 65257,
-16316, 32633,
-16323, 32647,
-16324, 48973,
-16332, 16333,
-16334, 49003,
-16338, 16339,
-16343, 32687,
-16348, 16349,
-16359, 32719,
-16362, 16363, 65449,
-16380, 16381,
-16391, 32783,
-16415, 32831,
-16419, 32839,
-16420, 16421,
-16426, 16427,
-16443, 32887,
-16452, 16453,
-16476, 16477,
-16486, 49459,
-16491, 32983,
-16492, 16493,
-16499, 32999,
-16510, 49531,
-16511, 33023,
-16516, 49549,
-16532, 49597,
-16535, 33071,
-16542, 49627,
-16546, 16547,
-16556, 33113,
-16559, 33119,
-16572, 16573,
-16580, 33161,
-16582, 49747,
-16596, 49789,
-16599, 33199,
-16602, 16603,
-16618, 16619,
-16643, 33287,
-16644, 33289,
-16646, 49939,
-16650, 16651,
-16652, 49957,
-16655, 33311,
-16664, 33329,
-16676, 33353,
-16679, 33359,
-16692, 16693,
-16704, 33409,
-16728, 33457,
-16739, 33479,
-16740, 50221,
-16743, 33487,
-16746, 16747,
-16762, 16763,
-16764, 33529,
-16786, 16787,
-16799, 33599,
-16811, 33623,
-16823, 33647,
-16828, 16829,
-16839, 33679,
-16842, 16843,
-16851, 33703,
-16862, 50587,
-16882, 16883,
-16883, 33767,
-16895, 33791,
-16900, 16901,
-16902, 50707,
-16904, 33809,
-16924, 50773,
-16930, 16931,
-16931, 33863,
-16955, 33911,
-16962, 16963,
-16978, 16979,
-16980, 16981,
-16983, 33967,
-17010, 17011,
-17016, 34033,
-17020, 17021,
-17026, 17027,
-17028, 34057,
-17036, 51109,
-17052, 17053,
-17063, 34127,
-17076, 17077,
-17079, 34159,
-17091, 34183,
-17092, 17093,
-17098, 17099,
-17102, 51307,
-17122, 17123,
-17159, 34319,
-17163, 34327,
-17168, 34337,
-17172, 51517,
-17175, 34351,
-17183, 34367,
-17184, 34369,
-17188, 17189,
-17202, 17203,
-17212, 51637,
-17219, 34439,
-17235, 34471,
-17243, 34487,
-17262, 51787,
-17271, 34543,
-17284, 51853,
-17286, 51859,
-17291, 34583,
-17295, 34591,
-17298, 17299,
-17302, 51907,
-17303, 34607,
-17315, 34631,
-17316, 17317,
-17324, 34649,
-17332, 17333,
-17336, 34673,
-17339, 34679,
-17343, 34687,
-17351, 34703,
-17364, 34729,
-17379, 34759,
-17386, 17387,
-17388, 17389,
-17396, 52189,
-17412, 52237,
-17442, 17443,
-17454, 52363,
-17456, 34913,
-17459, 34919,
-17476, 17477,
-17482, 17483,
-17508, 17509,
-17511, 35023,
-17542, 52627,
-17564, 35129,
-17572, 17573,
-17578, 17579,
-17579, 35159,
-17582, 52747,
-17596, 17597,
-17620, 52861,
-17626, 17627,
-17628, 35257,
-17639, 35279,
-17652, 52957,
-17654, 52963,
-17663, 35327,
-17668, 17669,
-17696, 35393,
-17703, 35407,
-17711, 35423,
-17716, 53149,
-17723, 35447,
-17746, 17747,
-17748, 17749,
-17756, 53269,
-17763, 35527,
-17771, 35543,
-17788, 17789,
-17795, 35591,
-17796, 35593,
-17826, 17827,
-17835, 35671,
-17836, 17837,
-17850, 17851,
-17864, 35729,
-17870, 53611,
-17876, 35753, 53629,
-17879, 35759,
-17890, 17891,
-17908, 17909,
-17915, 35831,
-17919, 35839,
-17922, 17923,
-17931, 35863,
-17938, 17939,
-17939, 35879,
-17955, 35911,
-17956, 17957,
-17975, 35951,
-17980, 17981,
-17984, 35969,
-17988, 17989,
-17991, 35983,
-17999, 35999,
-18003, 36007,
-18004, 54013,
-18012, 18013,
-18036, 36073,
-18042, 18043,
-18044, 54133,
-18058, 18059,
-18076, 18077,
-18080, 36161,
-18092, 54277,
-18095, 36191,
-18120, 36241,
-18131, 36263,
-18148, 18149,
-18156, 36313,
-18159, 36319,
-18166, 54499,
-18172, 54517,
-18176, 36353,
-18180, 18181,
-18182, 54547,
-18191, 36383,
-18216, 36433,
-18228, 18229,
-18236, 36473,
-18239, 36479,
-18248, 36497,
-18250, 18251,
-18268, 18269,
-18275, 36551,
-18279, 36559,
-18299, 36599,
-18303, 36607,
-18324, 54973,
-18326, 54979,
-18335, 36671,
-18356, 36713,
-18380, 36761,
-18382, 55147,
-18383, 36767,
-18395, 36791,
-18404, 36809,
-18412, 18413,
-18423, 36847,
-18426, 18427,
-18430, 55291,
-18442, 18443,
-18443, 36887,
-18444, 55333,
-18460, 18461,
-18464, 36929,
-18471, 36943,
-18492, 18493,
-18500, 55501,
-18543, 37087,
-18548, 37097,
-18586, 18587,
-18611, 37223,
-18612, 55837,
-18636, 18637,
-18700, 18701,
-18716, 56149,
-18730, 18731,
-18731, 37463,
-18732, 56197,
-18748, 18749,
-18755, 37511,
-18756, 18757,
-18764, 37529,
-18766, 56299,
-18772, 18773,
-18780, 37561,
-18783, 37567,
-18786, 18787,
-18803, 37607,
-18814, 56443,
-18824, 37649,
-18828, 37657,
-18858, 18859,
-18868, 18869,
-18891, 37783,
-18898, 18899,
-18899, 37799,
-18915, 37831,
-18916, 18917,
-18923, 37847,
-18940, 56821,
-18944, 37889,
-18946, 18947,
-18972, 18973,
-18974, 56923,
-18975, 37951,
-18978, 18979,
-18983, 37967,
-18995, 37991,
-18996, 56989,
-19012, 19013, 57037,
-19036, 19037,
-19050, 19051,
-19068, 19069,
-19076, 38153,
-19083, 38167,
-19088, 38177,
-19091, 38183,
-19115, 38231,
-19138, 19139,
-19140, 19141,
-19151, 38303,
-19156, 19157,
-19162, 19163,
-19163, 38327,
-19164, 57493,
-19180, 19181,
-19196, 38393,
-19218, 19219,
-19222, 57667,
-19223, 38447,
-19224, 38449,
-19236, 19237,
-19258, 19259,
-19271, 38543,
-19276, 57829,
-19280, 38561,
-19283, 38567,
-19284, 38569, 57853,
-19296, 38593,
-19300, 19301,
-19304, 38609,
-19319, 38639,
-19324, 57973,
-19332, 19333,
-19366, 58099,
-19372, 19373,
-19378, 19379,
-19383, 38767,
-19386, 19387,
-19391, 38783,
-19395, 38791,
-19396, 58189,
-19402, 19403,
-19412, 58237,
-19419, 38839,
-19426, 19427,
-19451, 38903,
-19468, 19469,
-19482, 19483,
-19492, 58477,
-19496, 38993,
-19500, 19501,
-19506, 19507,
-19511, 39023,
-19520, 39041,
-19523, 39047,
-19540, 19541,
-19544, 39089,
-19551, 39103,
-19559, 39119,
-19570, 19571,
-19595, 39191,
-19596, 19597,
-19602, 19603,
-19604, 39209,
-19619, 39239,
-19654, 58963,
-19656, 39313,
-19660, 19661,
-19671, 39343,
-19684, 59053,
-19691, 39383,
-19692, 59077,
-19708, 19709,
-19716, 19717,
-19719, 39439,
-19738, 19739,
-19751, 39503,
-19755, 39511,
-19762, 19763,
-19780, 59341,
-19784, 39569,
-19811, 39623,
-19812, 19813,
-19815, 39631,
-19835, 39671,
-19836, 59509,
-19839, 39679,
-19851, 39703,
-19852, 19853,
-19859, 39719,
-19860, 59581,
-19863, 39727,
-19866, 19867,
-19886, 59659,
-19890, 19891,
-19895, 39791,
-19919, 39839,
-19926, 59779,
-19931, 39863,
-19943, 39887,
-19948, 19949,
-19962, 19963,
-19964, 39929,
-19972, 19973,
-19976, 39953,
-19978, 19979,
-19990, 59971,
-19991, 39983,
-19996, 19997,
-20004, 60013,
-20015, 40031,
-20019, 40039,
-20028, 20029,
-20031, 40063,
-20043, 40087,
-20044, 60133,
-20050, 20051,
-20055, 40111,
-20063, 40127,
-20064, 40129,
-20086, 60259,
-20096, 40193,
-20106, 20107,
-20115, 40231,
-20116, 20117,
-20122, 20123,
-20132, 60397,
-20148, 20149,
-20171, 40343,
-20172, 20173,
-20211, 40423,
-20218, 20219,
-20243, 40487,
-20254, 60763,
-20259, 40519,
-20260, 20261,
-20268, 20269,
-20271, 40543,
-20279, 40559,
-20286, 60859,
-20291, 40583,
-20304, 40609,
-20322, 20323,
-20340, 20341,
-20356, 20357,
-20375, 40751,
-20379, 40759,
-20400, 40801,
-20411, 40823,
-20423, 40847,
-20424, 40849,
-20439, 40879,
-20442, 20443,
-20448, 40897,
-20452, 61357,
-20476, 20477,
-20506, 20507,
-20508, 20509, 41017,
-20511, 41023,
-20519, 41039,
-20528, 41057,
-20532, 20533,
-20542, 61627,
-20548, 20549,
-20571, 41143,
-20574, 61723,
-20591, 41183,
-20606, 61819,
-20610, 20611,
-20612, 61837,
-20615, 41231,
-20626, 20627,
-20640, 41281,
-20644, 61933,
-20660, 61981,
-20675, 41351,
-20692, 20693,
-20699, 41399,
-20716, 20717,
-20730, 20731,
-20748, 20749,
-20756, 41513,
-20759, 41519,
-20770, 20771,
-20771, 41543,
-20772, 20773,
-20782, 62347,
-20788, 20789,
-20796, 41593,
-20804, 41609,
-20822, 62467,
-20823, 41647,
-20843, 41687,
-20854, 62563,
-20859, 41719,
-20868, 41737,
-20879, 41759,
-20886, 62659,
-20894, 62683,
-20898, 20899,
-20900, 41801,
-20924, 62773,
-20938, 20939,
-20939, 41879,
-20943, 41887,
-20948, 41897,
-20951, 41903,
-20962, 20963,
-20963, 41927,
-20976, 41953,
-20979, 41959,
-20980, 20981,
-20990, 62971,
-20991, 41983,
-20999, 41999,
-21008, 42017,
-21010, 21011,
-21011, 42023,
-21012, 21013,
-21018, 21019,
-21035, 42071,
-21036, 42073,
-21058, 21059,
-21066, 21067,
-21084, 42169,
-21100, 21101,
-21106, 21107,
-21119, 42239,
-21128, 42257,
-21138, 21139,
-21156, 21157,
-21162, 21163,
-21166, 63499,
-21168, 42337,
-21178, 21179,
-21179, 42359,
-21186, 21187,
-21195, 42391,
-21203, 42407,
-21204, 42409,
-21210, 21211,
-21220, 21221,
-21226, 21227,
-21230, 63691,
-21236, 63709,
-21243, 42487,
-21268, 21269,
-21288, 42577,
-21316, 21317,
-21324, 42649,
-21340, 21341,
-21344, 42689,
-21346, 21347,
-21351, 42703,
-21359, 42719,
-21363, 42727,
-21375, 42751,
-21378, 21379,
-21383, 42767,
-21396, 21397,
-21418, 21419,
-21419, 42839,
-21431, 42863,
-21464, 42929,
-21466, 21467,
-21471, 42943,
-21483, 42967,
-21490, 21491,
-21492, 21493,
-21522, 21523,
-21531, 43063,
-21542, 64627,
-21551, 43103,
-21556, 21557,
-21562, 21563,
-21575, 43151,
-21579, 43159,
-21582, 64747,
-21586, 21587,
-21588, 21589, 43177,
-21603, 43207,
-21610, 21611,
-21611, 43223,
-21612, 21613,
-21630, 64891,
-21635, 43271,
-21659, 43319,
-21660, 21661,
-21682, 21683,
-21695, 43391,
-21700, 21701,
-21728, 43457,
-21738, 21739,
-21743, 43487,
-21771, 43543,
-21772, 21773,
-21802, 21803,
-21803, 43607,
-21804, 65413,
-21806, 65419,
-21816, 43633,
-21820, 21821,
-21858, 21859,
-21891, 43783,
-21892, 21893,
-21900, 43801,
-21971, 43943,
-21975, 43951,
-21980, 43961,
-21995, 43991,
-22002, 22003,
-22012, 22013,
-22036, 22037,
-22043, 44087,
-22055, 44111,
-22059, 44119,
-22066, 22067,
-22079, 44159,
-22090, 22091,
-22103, 44207,
-22108, 22109,
-22122, 22123,
-22124, 44249,
-22131, 44263,
-22132, 22133,
-22139, 44279,
-22140, 44281,
-22156, 22157,
-22170, 22171,
-22175, 44351,
-22188, 22189,
-22191, 44383,
-22228, 22229,
-22258, 22259,
-22259, 44519,
-22268, 44537,
-22271, 44543,
-22276, 22277,
-22282, 22283,
-22306, 22307,
-22308, 44617,
-22320, 44641,
-22328, 44657,
-22343, 44687,
-22348, 22349,
-22355, 44711,
-22364, 44729,
-22376, 44753,
-22396, 22397,
-22419, 44839,
-22439, 44879,
-22443, 44887,
-22463, 44927,
-22468, 22469,
-22479, 44959,
-22482, 22483,
-22491, 44983,
-22500, 22501,
-22503, 45007,
-22530, 22531,
-22548, 22549,
-22559, 45119,
-22560, 45121,
-22563, 45127,
-22595, 45191,
-22612, 22613,
-22616, 45233,
-22618, 22619,
-22620, 22621,
-22623, 45247,
-22636, 22637,
-22642, 22643,
-22668, 22669,
-22671, 45343,
-22680, 45361,
-22688, 45377,
-22690, 22691,
-22708, 22709,
-22716, 22717,
-22738, 22739,
-22748, 45497,
-22751, 45503,
-22784, 45569,
-22786, 22787,
-22799, 45599,
-22815, 45631,
-22836, 45673,
-22852, 22853,
-22858, 22859,
-22860, 22861,
-22876, 22877,
-22883, 45767,
-22900, 22901,
-22916, 45833,
-22920, 45841,
-22931, 45863,
-22943, 45887,
-22971, 45943,
-22972, 22973,
-22976, 45953,
-22979, 45959,
-23002, 23003,
-23020, 23021,
-23026, 23027,
-23028, 23029,
-23051, 46103,
-23052, 23053,
-23076, 46153,
-23091, 46183,
-23098, 23099,
-23099, 46199,
-23116, 23117,
-23135, 46271,
-23139, 46279,
-23163, 46327,
-23168, 46337,
-23188, 23189,
-23196, 23197,
-23199, 46399,
-23223, 46447,
-23228, 46457,
-23244, 46489,
-23250, 23251,
-23255, 46511,
-23279, 46559,
-23295, 46591,
-23316, 46633,
-23319, 46639,
-23331, 46663,
-23332, 23333,
-23338, 23339,
-23339, 46679,
-23343, 46687,
-23356, 23357,
-23363, 46727,
-23370, 23371,
-23375, 46751,
-23403, 46807,
-23458, 23459,
-23459, 46919,
-23508, 23509,
-23520, 47041,
-23530, 23531,
-23538, 23539,
-23543, 47087,
-23548, 23549,
-23555, 47111,
-23562, 23563,
-23568, 47137,
-23571, 47143,
-23602, 23603,
-23603, 47207,
-23626, 23627,
-23628, 23629,
-23639, 47279,
-23643, 47287,
-23651, 47303,
-23668, 23669,
-23675, 47351,
-23676, 47353,
-23708, 47417,
-23715, 47431,
-23720, 47441,
-23740, 23741,
-23746, 23747,
-23763, 47527,
-23771, 47543,
-23788, 23789,
-23795, 47591,
-23799, 47599,
-23811, 47623,
-23812, 23813,
-23818, 23819,
-23819, 47639,
-23826, 23827,
-23840, 47681,
-23855, 47711,
-23868, 23869,
-23871, 47743,
-23898, 23899,
-23903, 47807,
-23904, 47809,
-23908, 23909,
-23916, 23917,
-23928, 47857,
-23951, 47903,
-23956, 23957,
-23975, 47951,
-23984, 47969,
-23988, 47977,
-24011, 48023,
-24018, 24019,
-24028, 24029,
-24036, 48073,
-24039, 48079,
-24042, 24043,
-24076, 24077,
-24082, 24083,
-24096, 48193,
-24106, 24107,
-24108, 24109,
-24119, 48239,
-24123, 48247,
-24155, 48311,
-24176, 48353,
-24178, 24179,
-24191, 48383,
-24196, 24197,
-24202, 24203,
-24203, 48407,
-24224, 48449,
-24228, 24229,
-24236, 48473,
-24239, 48479,
-24243, 48487,
-24263, 48527,
-24316, 24317,
-24323, 48647,
-24339, 48679,
-24370, 24371,
-24378, 24379,
-24380, 48761,
-24383, 48767,
-24399, 48799,
-24404, 48809,
-24411, 48823,
-24412, 24413,
-24418, 24419,
-24428, 48857,
-24435, 48871,
-24442, 24443,
-24498, 24499,
-24508, 24509,
-24516, 49033,
-24532, 24533,
-24540, 49081,
-24546, 24547,
-24551, 49103,
-24588, 49177,
-24599, 49199,
-24603, 49207,
-24611, 49223,
-24639, 49279,
-24658, 24659,
-24676, 24677,
-24682, 24683,
-24683, 49367,
-24690, 24691,
-24695, 49391,
-24708, 24709,
-24716, 49433,
-24731, 49463,
-24732, 24733,
-24748, 24749,
-24762, 24763,
-24764, 49529,
-24768, 49537,
-24779, 49559,
-24780, 24781,
-24819, 49639,
-24820, 24821,
-24848, 49697,
-24850, 24851,
-24858, 24859,
-24863, 49727,
-24891, 49783,
-24903, 49807,
-24906, 24907,
-24911, 49823,
-24915, 49831,
-24916, 24917,
-24922, 24923,
-24935, 49871,
-24959, 49919,
-24968, 49937,
-24970, 24971,
-24971, 49943,
-24978, 24979,
-24988, 24989,
-24995, 49991,
-24996, 49993,
-25012, 25013,
-25016, 50033,
-25023, 50047,
-25036, 25037,
-25043, 50087,
-25055, 50111,
-25064, 50129,
-25079, 50159,
-25115, 50231,
-25136, 50273,
-25146, 25147,
-25155, 50311,
-25162, 25163,
-25188, 25189,
-25211, 50423,
-25218, 25219,
-25228, 25229,
-25236, 25237,
-25242, 25243,
-25251, 50503,
-25252, 25253,
-25256, 50513,
-25263, 50527,
-25271, 50543,
-25295, 50591,
-25306, 25307,
-25323, 50647,
-25348, 25349,
-25356, 25357,
-25372, 25373,
-25383, 50767,
-25388, 50777,
-25419, 50839,
-25436, 50873,
-25452, 25453,
-25464, 50929,
-25468, 25469,
-25475, 50951,
-25484, 50969,
-25522, 25523,
-25523, 51047,
-25540, 25541,
-25578, 25579,
-25584, 51169,
-25588, 25589,
-25596, 51193,
-25602, 25603,
-25619, 51239,
-25631, 51263,
-25642, 25643,
-25643, 51287,
-25666, 25667,
-25671, 51343,
-25691, 51383,
-25692, 25693,
-25703, 51407,
-25715, 51431,
-25716, 25717,
-25719, 51439,
-25732, 25733,
-25736, 51473,
-25739, 51479,
-25743, 51487,
-25746, 25747,
-25751, 51503,
-25755, 51511,
-25770, 25771,
-25775, 51551,
-25788, 51577,
-25799, 51599,
-25839, 51679,
-25856, 51713,
-25859, 51719,
-25860, 51721,
-25866, 25867,
-25883, 51767,
-25908, 51817,
-25919, 51839,
-25930, 25931,
-25932, 25933,
-25964, 51929,
-25996, 25997,
-26002, 26003,
-26020, 26021,
-26051, 52103,
-26052, 26053,
-26060, 52121,
-26063, 52127,
-26088, 52177,
-26098, 26099,
-26106, 26107,
-26111, 52223,
-26140, 26141,
-26156, 52313,
-26170, 26171,
-26180, 52361,
-26184, 52369,
-26188, 26189,
-26195, 52391,
-26216, 52433,
-26228, 52457,
-26236, 26237,
-26250, 26251,
-26255, 52511,
-26260, 26261,
-26264, 52529,
-26266, 26267,
-26271, 52543,
-26283, 52567,
-26291, 52583,
-26308, 26309,
-26319, 52639,
-26338, 26339,
-26356, 26357,
-26363, 52727,
-26386, 26387,
-26408, 52817,
-26439, 52879,
-26444, 52889,
-26451, 52903,
-26458, 26459,
-26459, 52919,
-26475, 52951,
-26483, 52967,
-26499, 52999,
-26500, 26501,
-26523, 53047,
-26538, 26539,
-26543, 53087,
-26544, 53089,
-26556, 26557,
-26572, 26573,
-26580, 53161,
-26596, 26597,
-26615, 53231,
-26626, 26627,
-26639, 53279,
-26640, 53281,
-26663, 53327,
-26668, 26669,
-26676, 53353,
-26679, 53359,
-26682, 26683,
-26688, 53377,
-26692, 26693,
-26698, 26699,
-26703, 53407,
-26716, 26717,
-26720, 53441,
-26722, 26723,
-26739, 53479,
-26763, 53527,
-26775, 53551,
-26795, 53591,
-26796, 53593,
-26804, 53609,
-26811, 53623,
-26812, 26813,
-26820, 26821,
-26859, 53719,
-26860, 26861,
-26879, 53759,
-26891, 53783,
-26895, 53791,
-26928, 53857,
-26943, 53887,
-26946, 26947,
-26963, 53927,
-26975, 53951,
-26979, 53959,
-26986, 26987,
-27010, 27011,
-27042, 27043,
-27058, 27059,
-27060, 27061,
-27066, 27067,
-27075, 54151,
-27076, 27077,
-27090, 27091,
-27096, 54193,
-27106, 27107,
-27143, 54287,
-27159, 54319,
-27178, 27179,
-27188, 54377,
-27196, 27197,
-27251, 54503,
-27252, 27253,
-27258, 27259,
-27260, 54521,
-27279, 54559,
-27298, 27299,
-27300, 54601,
-27308, 54617,
-27311, 54623,
-27315, 54631,
-27323, 54647,
-27363, 54727,
-27375, 54751,
-27383, 54767,
-27396, 27397,
-27399, 54799,
-27436, 27437,
-27479, 54959,
-27491, 54983,
-27504, 55009,
-27508, 27509,
-27528, 55057,
-27536, 55073,
-27538, 27539,
-27539, 55079,
-27551, 55103,
-27563, 55127,
-27580, 27581,
-27603, 55207,
-27610, 27611,
-27624, 55249,
-27652, 27653,
-27700, 27701,
-27719, 55439,
-27728, 55457,
-27732, 27733,
-27743, 55487,
-27755, 55511,
-27772, 27773,
-27778, 27779,
-27802, 27803,
-27815, 55631,
-27826, 27827,
-27831, 55663,
-27848, 55697,
-27850, 27851,
-27855, 55711,
-27860, 55721,
-27892, 27893,
-27896, 55793,
-27899, 55799,
-27900, 27901,
-27903, 55807,
-27908, 55817,
-27911, 55823,
-27916, 27917,
-27940, 27941,
-27946, 27947,
-27948, 55897,
-27951, 55903,
-27963, 55927,
-27983, 55967,
-28004, 56009,
-28018, 28019,
-28019, 56039,
-28020, 56041,
-28026, 28027,
-28040, 56081,
-28043, 56087,
-28050, 28051,
-28098, 28099,
-28103, 56207,
-28108, 28109,
-28119, 56239,
-28122, 28123,
-28131, 56263,
-28155, 56311,
-28162, 28163,
-28179, 56359,
-28180, 28181,
-28184, 56369,
-28188, 56377,
-28191, 56383,
-28196, 56393,
-28200, 56401,
-28210, 28211,
-28228, 28229,
-28236, 56473,
-28239, 56479,
-28251, 56503,
-28259, 56519,
-28263, 56527,
-28271, 56543,
-28276, 28277,
-28282, 28283,
-28284, 56569,
-28295, 56591,
-28299, 56599,
-28306, 28307,
-28308, 28309,
-28331, 56663,
-28343, 56687,
-28348, 28349,
-28355, 56711,
-28383, 56767,
-28386, 28387,
-28391, 56783,
-28403, 56807,
-28404, 56809,
-28410, 28411,
-28428, 28429,
-28436, 56873,
-28455, 56911,
-28460, 56921,
-28475, 56951,
-28476, 28477,
-28491, 56983,
-28492, 28493,
-28496, 56993,
-28498, 28499,
-28499, 56999,
-28516, 28517,
-28523, 57047,
-28540, 28541,
-28544, 57089,
-28546, 28547,
-28548, 28549, 57097,
-28559, 57119,
-28570, 28571,
-28571, 57143,
-28572, 28573,
-28578, 28579,
-28595, 57191,
-28596, 28597,
-28602, 28603,
-28611, 57223,
-28618, 28619,
-28620, 57241,
-28642, 28643,
-28643, 57287,
-28660, 28661,
-28683, 57367,
-28691, 57383,
-28722, 28723,
-28751, 57503,
-28770, 28771,
-28779, 57559,
-28812, 28813,
-28836, 28837,
-28842, 28843,
-28856, 57713,
-28858, 28859,
-28859, 57719,
-28863, 57727,
-28868, 57737,
-28875, 57751,
-28895, 57791,
-28904, 57809,
-28908, 28909,
-28919, 57839,
-28923, 57847,
-28932, 28933,
-28948, 28949,
-28971, 57943,
-28978, 28979,
-28988, 57977,
-29015, 58031,
-29020, 29021,
-29026, 29027,
-29055, 58111,
-29058, 29059,
-29075, 58151,
-29076, 29077,
-29084, 58169,
-29096, 58193,
-29099, 58199,
-29100, 29101,
-29103, 58207,
-29108, 58217,
-29115, 58231,
-29122, 29123,
-29130, 29131,
-29135, 58271,
-29146, 29147,
-29160, 58321,
-29172, 29173,
-29183, 58367,
-29195, 58391,
-29219, 58439,
-29220, 29221,
-29240, 58481,
-29242, 29243,
-29250, 29251,
-29255, 58511,
-29271, 58543,
-29283, 58567,
-29300, 58601,
-29332, 29333,
-29338, 29339,
-29339, 58679,
-29343, 58687,
-29355, 58711,
-29362, 29363,
-29363, 58727,
-29386, 29387,
-29388, 29389,
-29410, 29411,
-29428, 29429,
-29436, 29437,
-29442, 29443,
-29452, 29453,
-29468, 58937,
-29471, 58943,
-29482, 29483,
-29483, 58967,
-29495, 58991,
-29500, 29501,
-29504, 59009,
-29530, 29531,
-29531, 59063,
-29559, 59119,
-29572, 29573,
-29579, 59159,
-29583, 59167,
-29586, 29587,
-29591, 59183,
-29603, 59207,
-29604, 59209,
-29631, 59263,
-29668, 29669,
-29675, 59351,
-29679, 59359,
-29684, 59369,
-29688, 59377,
-29699, 59399,
-29703, 59407,
-29708, 59417,
-29716, 29717,
-29720, 59441,
-29722, 29723,
-29723, 59447,
-29735, 59471,
-29740, 29741,
-29756, 59513,
-29783, 59567,
-29788, 29789,
-29808, 59617,
-29831, 59663,
-29835, 59671,
-29836, 29837,
-29850, 29851,
-29864, 59729,
-29866, 29867,
-29895, 59791,
-29916, 29917, 59833,
-29931, 59863,
-29939, 59879,
-29964, 59929,
-29975, 59951,
-29988, 29989,
-29999, 59999,
-30008, 60017,
-30010, 30011,
-30012, 30013,
-30028, 30029,
-30051, 60103,
-30058, 30059,
-30080, 60161,
-30083, 60167,
-30084, 60169,
-30104, 60209,
-30108, 30109,
-30111, 60223,
-30138, 30139,
-30144, 60289,
-30180, 30181,
-30191, 60383,
-30196, 30197,
-30202, 30203,
-30210, 30211,
-30248, 60497,
-30252, 30253,
-30263, 60527,
-30292, 30293,
-30303, 60607,
-30306, 30307,
-30308, 60617,
-30311, 60623,
-30322, 30323,
-30323, 60647,
-30340, 30341,
-30346, 30347,
-30359, 60719,
-30363, 60727,
-30368, 60737,
-30380, 60761,
-30388, 30389,
-30396, 60793,
-30443, 60887,
-30466, 30467,
-30468, 30469, 60937,
-30480, 60961,
-30490, 30491,
-30503, 61007,
-30508, 30509,
-30515, 61031,
-30516, 30517,
-30528, 61057,
-30538, 30539,
-30556, 30557,
-30575, 61151,
-30576, 61153,
-30584, 61169,
-30636, 30637,
-30642, 30643,
-30660, 30661,
-30671, 61343,
-30676, 30677,
-30704, 61409,
-30706, 30707,
-30708, 61417,
-30731, 61463,
-30735, 61471,
-30743, 61487,
-30755, 61511,
-30759, 61519,
-30762, 30763,
-30771, 61543,
-30779, 61559,
-30780, 30781,
-30791, 61583,
-30802, 30803,
-30815, 61631,
-30828, 30829,
-30843, 61687,
-30850, 30851,
-30851, 61703,
-30852, 30853,
-30858, 30859,
-30868, 30869,
-30875, 61751,
-30892, 30893,
-30930, 30931,
-30935, 61871,
-30939, 61879,
-30940, 30941,
-30970, 30971,
-30980, 61961,
-30983, 61967,
-31008, 62017,
-31012, 31013,
-31018, 31019,
-31019, 62039,
-31068, 31069,
-31090, 31091,
-31103, 62207,
-31138, 31139,
-31146, 31147,
-31148, 62297,
-31151, 62303,
-31155, 62311,
-31163, 62327,
-31175, 62351,
-31180, 31181,
-31200, 62401,
-31211, 62423,
-31252, 31253,
-31258, 31259,
-31266, 31267,
-31276, 31277,
-31295, 62591,
-31306, 31307,
-31316, 62633,
-31319, 62639,
-31343, 62687,
-31356, 31357,
-31376, 62753,
-31378, 31379,
-31386, 31387,
-31396, 31397,
-31448, 62897,
-31451, 62903,
-31463, 62927,
-31468, 31469,
-31515, 63031,
-31516, 31517,
-31530, 31531,
-31536, 63073,
-31539, 63079,
-31546, 31547,
-31551, 63103,
-31556, 63113,
-31599, 63199,
-31623, 63247,
-31642, 31643,
-31655, 63311,
-31666, 31667,
-31668, 63337,
-31683, 63367,
-31688, 63377,
-31695, 63391,
-31698, 31699,
-31719, 63439,
-31731, 63463,
-31763, 63527,
-31779, 63559,
-31799, 63599,
-31803, 63607,
-31808, 63617,
-31823, 63647,
-31848, 63697,
-31851, 63703,
-31858, 31859,
-31859, 63719,
-31863, 63727,
-31871, 63743,
-31880, 63761,
-31882, 31883,
-31890, 31891,
-31896, 63793,
-31899, 63799,
-31904, 63809,
-31906, 31907,
-31919, 63839,
-31928, 63857,
-31931, 63863,
-31956, 31957,
-31962, 31963,
-31964, 63929,
-31972, 31973,
-31988, 63977,
-32002, 32003,
-32003, 64007,
-32026, 32027,
-32028, 32029,
-32031, 64063,
-32040, 64081,
-32058, 32059,
-32068, 32069,
-32075, 64151,
-32076, 32077,
-32082, 32083,
-32098, 32099,
-32108, 64217,
-32111, 64223,
-32115, 64231,
-32116, 32117,
-32135, 64271,
-32140, 32141,
-32151, 64303,
-32159, 64319,
-32163, 64327,
-32188, 32189,
-32202, 32203,
-32212, 32213,
-32236, 32237,
-32256, 64513,
-32260, 32261,
-32276, 64553,
-32283, 64567,
-32288, 64577,
-32295, 64591,
-32308, 32309,
-32316, 64633,
-32322, 32323,
-32331, 64663,
-32339, 64679,
-32340, 32341,
-32362, 32363,
-32370, 32371,
-32380, 32381,
-32396, 64793,
-32410, 32411,
-32435, 64871,
-32439, 64879,
-32442, 32443,
-32459, 64919,
-32466, 32467,
-32468, 64937,
-32475, 64951,
-32484, 64969,
-32490, 32491,
-32506, 32507,
-32530, 32531,
-32531, 65063,
-32532, 32533,
-32535, 65071,
-32555, 65111,
-32562, 32563,
-32572, 32573,
-32583, 65167,
-32586, 32587,
-32591, 65183,
-32602, 32603,
-32619, 65239,
-32643, 65287,
-32652, 32653,
-32663, 65327,
-32676, 65353,
-32692, 32693,
-32696, 65393,
-32711, 65423,
-32716, 32717,
-32723, 65447,
-32748, 32749,
-32759, 65519,
-32770, 32771,
-32788, 32789,
-32796, 32797,
-32842, 32843,
-32908, 32909,
-32916, 32917,
-32932, 32933,
-32938, 32939,
-32940, 32941,
-32986, 32987,
-33028, 33029,
-33036, 33037,
-33052, 33053,
-33082, 33083,
-33106, 33107,
-33148, 33149,
-33178, 33179,
-33202, 33203,
-33210, 33211,
-33300, 33301,
-33316, 33317,
-33346, 33347,
-33348, 33349,
-33412, 33413,
-33426, 33427,
-33468, 33469,
-33492, 33493,
-33532, 33533,
-33546, 33547,
-33562, 33563,
-33580, 33581,
-33588, 33589,
-33618, 33619,
-33628, 33629,
-33636, 33637,
-33738, 33739,
-33748, 33749,
-33756, 33757,
-33772, 33773,
-33826, 33827,
-33828, 33829,
-33850, 33851,
-33892, 33893,
-33922, 33923,
-33930, 33931,
-33940, 33941,
-33996, 33997,
-34018, 34019,
-34060, 34061,
-34122, 34123,
-34140, 34141,
-34156, 34157,
-34170, 34171,
-34210, 34211,
-34212, 34213,
-34252, 34253,
-34258, 34259,
-34260, 34261,
-34266, 34267,
-34282, 34283,
-34402, 34403,
-34420, 34421,
-34428, 34429,
-34482, 34483,
-34498, 34499,
-34548, 34549,
-34588, 34589,
-34602, 34603,
-34612, 34613,
-34650, 34651,
-34666, 34667,
-34746, 34747,
-34756, 34757,
-34762, 34763,
-34780, 34781,
-34818, 34819,
-34842, 34843,
-34876, 34877,
-34882, 34883,
-34938, 34939,
-34948, 34949,
-34962, 34963,
-34980, 34981,
-35026, 35027,
-35050, 35051,
-35052, 35053,
-35068, 35069,
-35082, 35083,
-35098, 35099,
-35106, 35107,
-35116, 35117,
-35140, 35141,
-35148, 35149,
-35170, 35171,
-35226, 35227,
-35266, 35267,
-35290, 35291,
-35338, 35339,
-35362, 35363,
-35418, 35419,
-35506, 35507,
-35508, 35509,
-35532, 35533,
-35572, 35573,
-35596, 35597,
-35602, 35603,
-35676, 35677,
-35730, 35731,
-35746, 35747,
-35796, 35797,
-35836, 35837,
-35850, 35851,
-35898, 35899,
-35922, 35923,
-35932, 35933,
-35962, 35963,
-36010, 36011,
-36012, 36013,
-36036, 36037,
-36060, 36061,
-36082, 36083,
-36106, 36107,
-36108, 36109,
-36130, 36131,
-36228, 36229,
-36250, 36251,
-36268, 36269,
-36276, 36277,
-36292, 36293,
-36298, 36299,
-36306, 36307,
-36340, 36341,
-36372, 36373,
-36466, 36467,
-36468, 36469,
-36492, 36493,
-36522, 36523,
-36562, 36563,
-36570, 36571,
-36586, 36587,
-36628, 36629,
-36652, 36653,
-36676, 36677,
-36682, 36683,
-36690, 36691,
-36708, 36709,
-36738, 36739,
-36748, 36749,
-36778, 36779,
-36780, 36781,
-36786, 36787,
-36820, 36821,
-36876, 36877,
-36898, 36899,
-36900, 36901,
-36922, 36923,
-36930, 36931,
-36946, 36947,
-36972, 36973,
-36996, 36997,
-37002, 37003,
-37012, 37013,
-37018, 37019,
-37060, 37061,
-37116, 37117,
-37138, 37139,
-37180, 37181,
-37188, 37189,
-37242, 37243,
-37252, 37253,
-37276, 37277,
-37306, 37307,
-37378, 37379,
-37396, 37397,
-37482, 37483,
-37492, 37493,
-37500, 37501,
-37516, 37517,
-37546, 37547,
-37548, 37549,
-37570, 37571,
-37578, 37579,
-37588, 37589,
-37618, 37619,
-37642, 37643,
-37692, 37693,
-37780, 37781,
-37812, 37813,
-37852, 37853,
-37860, 37861,
-37906, 37907,
-37956, 37957,
-37962, 37963,
-37996, 37997,
-38010, 38011,
-38068, 38069,
-38188, 38189,
-38196, 38197,
-38218, 38219,
-38236, 38237,
-38260, 38261,
-38298, 38299,
-38316, 38317,
-38332, 38333,
-38452, 38453,
-38458, 38459,
-38500, 38501,
-38556, 38557,
-38602, 38603,
-38628, 38629,
-38650, 38651,
-38652, 38653,
-38668, 38669,
-38692, 38693,
-38698, 38699,
-38706, 38707,
-38722, 38723,
-38746, 38747,
-38748, 38749,
-38820, 38821,
-38866, 38867,
-38890, 38891,
-38922, 38923,
-38932, 38933,
-38970, 38971,
-39018, 39019,
-39042, 39043,
-39106, 39107,
-39162, 39163,
-39226, 39227,
-39228, 39229,
-39250, 39251,
-39292, 39293,
-39316, 39317,
-39322, 39323,
-39340, 39341,
-39370, 39371,
-39396, 39397,
-39418, 39419,
-39442, 39443,
-39450, 39451,
-39460, 39461,
-39498, 39499,
-39540, 39541,
-39562, 39563,
-39580, 39581,
-39618, 39619,
-39658, 39659,
-39732, 39733,
-39748, 39749,
-39778, 39779,
-39820, 39821,
-39826, 39827,
-39868, 39869,
-39876, 39877,
-39900, 39901,
-39970, 39971,
-39988, 39989,
-40012, 40013,
-40036, 40037,
-40092, 40093,
-40122, 40123,
-40162, 40163,
-40188, 40189,
-40252, 40253,
-40276, 40277,
-40282, 40283,
-40386, 40387,
-40426, 40427,
-40458, 40459,
-40482, 40483,
-40492, 40493,
-40498, 40499,
-40506, 40507,
-40530, 40531,
-40596, 40597,
-40626, 40627,
-40636, 40637,
-40692, 40693,
-40698, 40699,
-40708, 40709,
-40738, 40739,
-40762, 40763,
-40786, 40787,
-40812, 40813,
-40828, 40829,
-40852, 40853,
-40866, 40867,
-40882, 40883,
-40932, 40933,
-40938, 40939,
-40948, 40949,
-40972, 40973,
-41010, 41011,
-41050, 41051,
-41076, 41077,
-41116, 41117,
-41140, 41141,
-41148, 41149,
-41188, 41189,
-41212, 41213,
-41220, 41221,
-41226, 41227,
-41242, 41243,
-41268, 41269,
-41298, 41299,
-41332, 41333,
-41340, 41341,
-41356, 41357,
-41386, 41387,
-41410, 41411,
-41442, 41443,
-41452, 41453,
-41506, 41507,
-41578, 41579,
-41596, 41597,
-41602, 41603,
-41610, 41611,
-41626, 41627,
-41650, 41651,
-41668, 41669,
-41770, 41771,
-41812, 41813,
-41842, 41843,
-41892, 41893,
-41940, 41941,
-41956, 41957,
-41980, 41981,
-42018, 42019,
-42082, 42083,
-42100, 42101,
-42130, 42131,
-42138, 42139,
-42156, 42157,
-42178, 42179,
-42196, 42197,
-42220, 42221,
-42226, 42227,
-42282, 42283,
-42292, 42293,
-42298, 42299,
-42322, 42323,
-42348, 42349,
-42378, 42379,
-42396, 42397,
-42402, 42403,
-42436, 42437,
-42442, 42443,
-42460, 42461,
-42490, 42491,
-42498, 42499,
-42508, 42509,
-42532, 42533,
-42556, 42557,
-42570, 42571,
-42588, 42589,
-42610, 42611,
-42642, 42643,
-42676, 42677,
-42682, 42683,
-42796, 42797,
-42820, 42821,
-42828, 42829,
-42852, 42853,
-42898, 42899,
-42922, 42923,
-42988, 42989,
-43012, 43013,
-43018, 43019,
-43036, 43037,
-43050, 43051,
-43066, 43067,
-43116, 43117,
-43132, 43133,
-43188, 43189,
-43236, 43237,
-43260, 43261,
-43282, 43283,
-43330, 43331,
-43396, 43397,
-43402, 43403,
-43426, 43427,
-43450, 43451,
-43498, 43499,
-43516, 43517,
-43540, 43541,
-43572, 43573,
-43578, 43579,
-43596, 43597,
-43612, 43613,
-43626, 43627,
-43650, 43651,
-43660, 43661,
-43668, 43669,
-43780, 43781,
-43786, 43787,
-43852, 43853,
-43932, 43933,
-43972, 43973,
-43986, 43987,
-43996, 43997,
-44020, 44021,
-44026, 44027,
-44052, 44053,
-44058, 44059,
-44122, 44123,
-44130, 44131,
-44170, 44171,
-44178, 44179,
-44188, 44189,
-44220, 44221,
-44266, 44267,
-44268, 44269,
-44292, 44293,
-44356, 44357,
-44370, 44371,
-44380, 44381,
-44388, 44389,
-44452, 44453,
-44482, 44483,
-44500, 44501,
-44506, 44507,
-44530, 44531,
-44532, 44533,
-44548, 44549,
-44578, 44579,
-44620, 44621,
-44650, 44651,
-44682, 44683,
-44698, 44699,
-44700, 44701,
-44740, 44741,
-44788, 44789,
-44796, 44797,
-44818, 44819,
-44866, 44867,
-44908, 44909,
-44938, 44939,
-44962, 44963,
-44986, 44987,
-45012, 45013,
-45052, 45053,
-45060, 45061,
-45076, 45077,
-45082, 45083,
-45130, 45131,
-45138, 45139,
-45180, 45181,
-45196, 45197,
-45292, 45293,
-45306, 45307,
-45316, 45317,
-45340, 45341,
-45388, 45389,
-45412, 45413,
-45490, 45491,
-45522, 45523,
-45532, 45533,
-45586, 45587,
-45588, 45589,
-45612, 45613,
-45658, 45659,
-45666, 45667,
-45676, 45677,
-45706, 45707,
-45756, 45757,
-45778, 45779,
-45820, 45821,
-45826, 45827,
-45868, 45869,
-45892, 45893,
-45948, 45949,
-45970, 45971,
-45978, 45979,
-45988, 45989,
-46020, 46021,
-46026, 46027,
-46060, 46061,
-46090, 46091,
-46092, 46093,
-46098, 46099,
-46132, 46133,
-46146, 46147,
-46180, 46181,
-46186, 46187,
-46228, 46229,
-46236, 46237,
-46260, 46261,
-46300, 46301,
-46306, 46307,
-46308, 46309,
-46348, 46349,
-46476, 46477,
-46498, 46499,
-46506, 46507,
-46548, 46549,
-46572, 46573,
-46588, 46589,
-46642, 46643,
-46690, 46691,
-46722, 46723,
-46746, 46747,
-46756, 46757,
-46770, 46771,
-46810, 46811,
-46818, 46819,
-46828, 46829,
-46852, 46853,
-46866, 46867,
-46876, 46877,
-46932, 46933,
-46996, 46997,
-47050, 47051,
-47058, 47059,
-47092, 47093,
-47122, 47123,
-47146, 47147,
-47148, 47149,
-47188, 47189,
-47236, 47237,
-47308, 47309,
-47338, 47339,
-47362, 47363,
-47380, 47381,
-47386, 47387,
-47388, 47389,
-47418, 47419,
-47458, 47459,
-47490, 47491,
-47506, 47507,
-47532, 47533,
-47562, 47563,
-47580, 47581,
-47658, 47659,
-47698, 47699,
-47700, 47701,
-47716, 47717,
-47818, 47819,
-47836, 47837,
-47842, 47843,
-47868, 47869,
-47932, 47933,
-47938, 47939,
-47946, 47947,
-47962, 47963,
-47980, 47981,
-48028, 48029,
-48108, 48109,
-48186, 48187,
-48196, 48197,
-48220, 48221,
-48258, 48259,
-48298, 48299,
-48370, 48371,
-48412, 48413,
-48436, 48437,
-48490, 48491,
-48532, 48533,
-48538, 48539,
-48540, 48541,
-48562, 48563,
-48570, 48571,
-48610, 48611,
-48618, 48619,
-48660, 48661,
-48676, 48677,
-48732, 48733,
-48756, 48757,
-48778, 48779,
-48786, 48787,
-48820, 48821,
-48858, 48859,
-48868, 48869,
-48882, 48883,
-48906, 48907,
-48946, 48947,
-48988, 48989,
-49018, 49019,
-49036, 49037,
-49042, 49043,
-49068, 49069,
-49108, 49109,
-49116, 49117,
-49122, 49123,
-49138, 49139,
-49156, 49157,
-49170, 49171,
-49210, 49211,
-49252, 49253,
-49260, 49261,
-49276, 49277,
-49306, 49307,
-49330, 49331,
-49332, 49333,
-49362, 49363,
-49410, 49411,
-49428, 49429,
-49498, 49499,
-49522, 49523,
-49546, 49547,
-49612, 49613,
-49666, 49667,
-49668, 49669,
-49738, 49739,
-49740, 49741,
-49756, 49757,
-49786, 49787,
-49842, 49843,
-49852, 49853,
-49876, 49877,
-49890, 49891,
-50020, 50021,
-50050, 50051,
-50052, 50053,
-50068, 50069,
-50076, 50077,
-50092, 50093,
-50100, 50101,
-50122, 50123,
-50130, 50131,
-50146, 50147,
-50226, 50227,
-50290, 50291,
-50332, 50333,
-50340, 50341,
-50362, 50363,
-50386, 50387,
-50410, 50411,
-50458, 50459,
-50538, 50539,
-50548, 50549,
-50580, 50581,
-50626, 50627,
-50650, 50651,
-50682, 50683,
-50722, 50723,
-50740, 50741,
-50788, 50789,
-50820, 50821,
-50866, 50867,
-50890, 50891,
-50892, 50893,
-50908, 50909,
-50922, 50923,
-50956, 50957,
-50970, 50971,
-50988, 50989,
-51042, 51043,
-51058, 51059,
-51060, 51061,
-51132, 51133,
-51196, 51197,
-51202, 51203,
-51228, 51229,
-51282, 51283,
-51340, 51341,
-51346, 51347,
-51412, 51413,
-51418, 51419,
-51420, 51421,
-51426, 51427,
-51436, 51437,
-51460, 51461,
-51538, 51539,
-51562, 51563,
-51580, 51581,
-51612, 51613,
-51658, 51659,
-51682, 51683,
-51748, 51749,
-51802, 51803,
-51826, 51827,
-51828, 51829,
-51868, 51869,
-51892, 51893,
-51898, 51899,
-51948, 51949,
-51970, 51971,
-51972, 51973,
-52020, 52021,
-52026, 52027,
-52050, 52051,
-52066, 52067,
-52068, 52069,
-52146, 52147,
-52162, 52163,
-52252, 52253,
-52258, 52259,
-52266, 52267,
-52300, 52301,
-52378, 52379,
-52386, 52387,
-52452, 52453,
-52516, 52517,
-52540, 52541,
-52570, 52571,
-52578, 52579,
-52666, 52667,
-52690, 52691,
-52708, 52709,
-52732, 52733,
-52756, 52757,
-52812, 52813,
-52836, 52837,
-52882, 52883,
-52972, 52973,
-52980, 52981,
-53002, 53003,
-53068, 53069,
-53076, 53077,
-53092, 53093,
-53100, 53101,
-53116, 53117,
-53146, 53147,
-53170, 53171,
-53188, 53189,
-53196, 53197,
-53266, 53267,
-53298, 53299,
-53308, 53309,
-53322, 53323,
-53380, 53381,
-53410, 53411,
-53418, 53419,
-53436, 53437,
-53452, 53453,
-53506, 53507,
-53548, 53549,
-53596, 53597,
-53652, 53653,
-53692, 53693,
-53698, 53699,
-53716, 53717,
-53772, 53773,
-53812, 53813,
-53818, 53819,
-53860, 53861,
-53890, 53891,
-53898, 53899,
-53916, 53917,
-53938, 53939,
-53986, 53987,
-54010, 54011,
-54036, 54037,
-54058, 54059,
-54082, 54083,
-54138, 54139,
-54162, 54163,
-54180, 54181,
-54250, 54251,
-54268, 54269,
-54292, 54293,
-54322, 54323,
-54330, 54331,
-54346, 54347,
-54402, 54403,
-54412, 54413,
-54418, 54419,
-54420, 54421,
-54436, 54437,
-54442, 54443,
-54468, 54469,
-54492, 54493,
-54538, 54539,
-54540, 54541,
-54562, 54563,
-54666, 54667,
-54708, 54709,
-54772, 54773,
-54778, 54779,
-54786, 54787,
-54828, 54829,
-54868, 54869,
-54876, 54877,
-54906, 54907,
-54916, 54917,
-54940, 54941,
-54948, 54949,
-55050, 55051,
-55060, 55061,
-55108, 55109,
-55162, 55163,
-55212, 55213,
-55218, 55219,
-55228, 55229,
-55242, 55243,
-55330, 55331,
-55338, 55339,
-55372, 55373,
-55410, 55411,
-55468, 55469,
-55540, 55541,
-55546, 55547,
-55578, 55579,
-55588, 55589,
-55602, 55603,
-55618, 55619,
-55620, 55621,
-55660, 55661,
-55666, 55667,
-55690, 55691,
-55716, 55717,
-55732, 55733,
-55762, 55763,
-55786, 55787,
-55812, 55813,
-55818, 55819,
-55828, 55829,
-55842, 55843,
-55900, 55901,
-55932, 55933,
-55948, 55949,
-55986, 55987,
-55996, 55997,
-56002, 56003,
-56052, 56053,
-56092, 56093,
-56098, 56099,
-56122, 56123,
-56130, 56131,
-56170, 56171,
-56236, 56237,
-56266, 56267,
-56268, 56269,
-56332, 56333,
-56436, 56437,
-56452, 56453,
-56466, 56467,
-56476, 56477,
-56508, 56509,
-56530, 56531,
-56596, 56597,
-56628, 56629,
-56658, 56659,
-56700, 56701,
-56730, 56731,
-56746, 56747,
-56772, 56773,
-56778, 56779,
-56826, 56827,
-56842, 56843,
-56890, 56891,
-56892, 56893,
-56908, 56909,
-56940, 56941,
-56956, 56957,
-56962, 56963,
-57058, 57059,
-57076, 57077,
-57106, 57107,
-57130, 57131,
-57138, 57139,
-57148, 57149,
-57162, 57163,
-57172, 57173,
-57178, 57179,
-57202, 57203,
-57220, 57221,
-57250, 57251,
-57258, 57259,
-57268, 57269,
-57282, 57283,
-57330, 57331,
-57346, 57347,
-57348, 57349,
-57372, 57373,
-57388, 57389,
-57396, 57397,
-57412, 57413,
-57426, 57427,
-57466, 57467,
-57556, 57557,
-57586, 57587,
-57636, 57637,
-57652, 57653,
-57708, 57709,
-57730, 57731,
-57786, 57787,
-57802, 57803,
-57858, 57859,
-57898, 57899,
-57900, 57901,
-57916, 57917,
-57922, 57923,
-58012, 58013,
-58026, 58027,
-58042, 58043,
-58066, 58067,
-58108, 58109,
-58170, 58171,
-58210, 58211,
-58228, 58229,
-58242, 58243,
-58362, 58363,
-58378, 58379,
-58402, 58403,
-58410, 58411,
-58426, 58427,
-58452, 58453,
-58548, 58549,
-58572, 58573,
-58578, 58579,
-58602, 58603,
-58612, 58613,
-58660, 58661,
-58692, 58693,
-58698, 58699,
-58732, 58733,
-58740, 58741,
-58756, 58757,
-58762, 58763,
-58786, 58787,
-58788, 58789,
-58900, 58901,
-58906, 58907,
-58908, 58909,
-58978, 58979,
-59010, 59011,
-59020, 59021,
-59028, 59029,
-59068, 59069,
-59082, 59083,
-59106, 59107,
-59122, 59123,
-59148, 59149,
-59196, 59197,
-59218, 59219,
-59220, 59221,
-59242, 59243,
-59332, 59333,
-59356, 59357,
-59386, 59387,
-59418, 59419,
-59442, 59443,
-59452, 59453,
-59466, 59467,
-59538, 59539,
-59556, 59557,
-59610, 59611,
-59626, 59627,
-59628, 59629,
-59650, 59651,
-59668, 59669,
-59692, 59693,
-59698, 59699,
-59722, 59723,
-59746, 59747,
-59770, 59771,
-59796, 59797,
-59956, 59957,
-59980, 59981,
-60028, 60029,
-60036, 60037,
-60076, 60077,
-60082, 60083,
-60090, 60091,
-60106, 60107,
-60148, 60149,
-60292, 60293,
-60316, 60317,
-60372, 60373,
-60412, 60413,
-60442, 60443,
-60492, 60493,
-60508, 60509,
-60538, 60539,
-60588, 60589,
-60636, 60637,
-60658, 60659,
-60660, 60661,
-60732, 60733,
-60756, 60757,
-60772, 60773,
-60778, 60779,
-60810, 60811,
-60820, 60821,
-60868, 60869,
-60898, 60899,
-60900, 60901,
-60916, 60917,
-60922, 60923,
-61026, 61027,
-61042, 61043,
-61090, 61091,
-61098, 61099,
-61210, 61211,
-61252, 61253,
-61260, 61261,
-61282, 61283,
-61330, 61331,
-61332, 61333,
-61338, 61339,
-61378, 61379,
-61402, 61403,
-61468, 61469,
-61482, 61483,
-61492, 61493,
-61506, 61507,
-61546, 61547,
-61602, 61603,
-61612, 61613,
-61636, 61637,
-61642, 61643,
-61650, 61651,
-61666, 61667,
-61716, 61717,
-61756, 61757,
-61780, 61781,
-61812, 61813,
-61842, 61843,
-61860, 61861,
-61948, 61949,
-61978, 61979,
-61986, 61987,
-62002, 62003,
-62010, 62011,
-62052, 62053,
-62098, 62099,
-62130, 62131,
-62140, 62141,
-62170, 62171,
-62188, 62189,
-62212, 62213,
-62218, 62219,
-62298, 62299,
-62322, 62323,
-62476, 62477,
-62482, 62483,
-62500, 62501,
-62506, 62507,
-62532, 62533,
-62538, 62539,
-62548, 62549,
-62580, 62581,
-62596, 62597,
-62602, 62603,
-62626, 62627,
-62652, 62653,
-62700, 62701,
-62722, 62723,
-62818, 62819,
-62850, 62851,
-62868, 62869,
-62938, 62939,
-62980, 62981,
-62986, 62987,
-62988, 62989,
-63028, 63029,
-63058, 63059,
-63066, 63067,
-63130, 63131,
-63148, 63149,
-63178, 63179,
-63196, 63197,
-63276, 63277,
-63298, 63299,
-63316, 63317,
-63330, 63331,
-63346, 63347,
-63388, 63389,
-63396, 63397,
-63418, 63419,
-63420, 63421,
-63442, 63443,
-63466, 63467,
-63492, 63493,
-63540, 63541,
-63586, 63587,
-63588, 63589,
-63610, 63611,
-63628, 63629,
-63658, 63659,
-63666, 63667,
-63772, 63773,
-63780, 63781,
-63802, 63803,
-63852, 63853,
-63906, 63907,
-63948, 63949,
-63996, 63997,
-64012, 64013,
-64018, 64019,
-64036, 64037,
-64090, 64091,
-64108, 64109,
-64122, 64123,
-64156, 64157,
-64186, 64187,
-64188, 64189,
-64236, 64237,
-64282, 64283,
-64300, 64301,
-64332, 64333,
-64372, 64373,
-64380, 64381,
-64450, 64451,
-64452, 64453,
-64482, 64483,
-64498, 64499,
-64578, 64579,
-64612, 64613,
-64660, 64661,
-64666, 64667,
-64692, 64693,
-64716, 64717,
-64762, 64763,
-64780, 64781,
-64810, 64811,
-64852, 64853,
-64900, 64901,
-64996, 64997,
-65010, 65011,
-65026, 65027,
-65028, 65029,
-65098, 65099,
-65100, 65101,
-65122, 65123,
-65140, 65141,
-65146, 65147,
-65170, 65171,
-65172, 65173,
-65178, 65179,
-65202, 65203,
-65212, 65213,
-65266, 65267,
-65268, 65269,
-65292, 65293,
-65308, 65309,
-65322, 65323,
-65356, 65357,
-65370, 65371,
